135
226
433
3071
427
536
217
103
70
306
68
660
751
437
758
343
77
291
99
85
24
555
96
148
359
1491
83
123
2581
32
117
422
1672
864
654
264
132
755
158
1558
275
345
381
883
115
697
91
353
373
2151
7
53
415
849
1999
1326
658
2392
102
528
10
652
90
18
116
679
1034
442
375
657
1215
19
81
1533
320
746
52
926
1069
1843
25
1367
66
2980
1093
1567
888
682
1461
1564
61
323
177
921
399
995
127
710
309
568
859
364
118
1320
1485
324
220
439
1146
20
357
33
37
41
79
498
395
826
2104
129
78
28
358
105
1768
436
1863
809
47
1269
473
707
246
491
60
1474
444
368
817
1087
702
931
603
1315
2668
2796
733
95
972
1111
1808
46
3136
663
384
1786
3260
2773
394
699
391
1355
2977
1438
1137
1195
3189
62
615
354
478
146
29
383
2190
1209
412
92
468
1845
865
1847
3280
521
567
3056
3080
65
407
211
369
284
975
215
101
1063
2904
1086
380
1548
597
186
2045
1799
55
2780
2211
417
927
1688
1508
150
346
583
402
3106
241
469
2247
863
440
456
317
71
1214
454
3062
1722
3129
133
850
637
1150
1652
151
628
837
860
1986
642
39
2794
1514
1092
772
131
693
235
460
438
337
3204
261
258
82
288
579
2015
298
822
1263
97
608
2217
26
190
379
87
382
738
2174
538
277
1242
2076
443
1674
69
773
2875
1680
295
424
366
1327
413
1831
1194
696
1080
1097
2511
279
802
130
1544
2929
650
418
602
593
2157
56
1648
372
1164
2359
648
3096
487
2729
621
164
441
2208
98
472
1149
38
495
2039
1456
2419
89
100
333
771
1922
671
30
2145
951
329
2895
867
2230
570
212
283
1880
2614
566
325
656
1829
3038
559
3112
553
763
428
1122
2705
1885
884
2385
17
1140
390
561
734
1979
2743
2713
847
1095
684
1886
1241
2616
805
50
2617
360
2189
3248
121
673
821
508
1493
1539
434
1532
1765
1671
632
2717
653
1364
1335
361
1056
662
2778
3163
505
564
1643
1627
84
617
2779
1410
36
1152
1234
59
5
887
1596
2245
445
356
1357
1170
9
1665
794
600
1287
294
342
2125
1190
1132
1883
401
2434
1011
1421
997
3244
330
2724
1970
2535
331
2913
1991
2013
2375
1788
489
370
1089
2495
13
416
1133
1513
1537
223
2459
630
754
640
990
466
2126
2016
765
1906
247
1298
756
1252
3155
804
322
2367
713
287
1416
2361
1507
22
2654
708
1578
2731
104
1042
753
2827
2651
878
1213
881
695
1469
851
1120
2941
459
533
1330
3156
2843
457
1552
108
1814
1433
2665
1171
598
790
313
1418
2844
1098
831
419
625
1598
1112
1453
750
426
2308
1481
2721
870
2213
1077
80
1877
1541
2391
392
1082
1594
885
532
1348
374
1439
2034
230
88
2829
1815
1807
925
1047
2573
34
446
1694
165
172
2172
952
1618
2923
14
1830
510
1103
2026
605
1360
2742
2444
2553
1823
388
86
1066
1676
2011
1875
2180
414
801
1218
1070
385
451
76
798
1188
1391
923
1371
2689
481
2130
1316
278
770
1247
1628
2353
2820
