3795
6753
2158
8423
8398
3711
5973
3994
4018
460
2514
187
9732
9129
8409
5786
7293
142
2782
3176
2334
7786
1568
283
9569
1476
8444
1965
3483
4665
4350
6990
2005
4813
1461
8575
5375
5267
6929
2171
4294
9618
9586
9428
6335
7194
2530
3089
9459
9619
3616
3270
7931
6507
5159
6839
5091
166
670
9567
6328
4315
168
3258
4061
7170
5244
772
1484
4401
4981
2394
415
1789
9157
9282
9320
6175
4188
8349
8833
8621
4596
1294
9
6079
1758
7268
7061
4256
4017
6459
8888
4108
4236
2569
5574
3187
566
1303
573
8074
2032
1977
2999
339
8775
5444
5242
9164
6602
6164
3428
8970
8814
4658
9902
8478
4891
447
6629
5021
7918
6645
9269
8366
6212
9933
8059
4355
9341
6009
1185
6561
3454
9738
6883
9331
7651
6163
10073
4195
2701
7261
6452
6189
2174
1897
6496
8257
3621
2132
4169
6043
9405
494
2967
6997
2046
930
6518
43
565
7695
1312
9222
93
1133
6019
2554
6600
2562
6643
154
4400
9888
3029
329
3003
922
6646
8277
1528
6120
1881
6727
838
3532
5613
2781
6154
1830
9700
4928
6169
6593
7444
3942
6548
7030
4209
4375
6319
10011
446
9394
773
8076
7016
9585
8922
8466
84
2844
8881
1940
3177
9265
9463
6750
7491
9150
6547
6317
5521
1180
9790
9293
2167
7113
3580
8004
5759
6361
3756
6737
3114
270
8309
739
6880
7805
2983
2323
9507
8648
8851
1116
3482
7051
2102
2870
2358
2922
9549
651
6925
5163
4214
4812
234
3604
8698
2426
8561
3791
156
2026
6902
6122
7580
7436
9217
11
9614
9358
4969
1401
8252
8827
9203
8387
7596
6110
9306
1200
5252
903
5383
7972
4449
578
5964
3277
8411
9466
8218
2036
2064
3449
3211
10044
296
9531
9234
9207
4309
3932
9593
9432
8921
2756
1491
3546
6662
8682
6983
3197
8817
8483
3715
3053
8912
314
7442
8322
657
8808
6487
7778
4599
8530
8844
9745
7024
7741
2635
2396
4307
9036
9013
2253
8629
9312
7522
917
1178
6421
8350
2280
1301
8031
8071
3674
6479
4252
10012
7812
5327
4886
3084
8340
6592
3643
9204
8891
6570
3686
3450
5646
7140
9178
5972
7867
8544
8171
7844
1960
8284
6536
5417
2721
9421
2043
9101
7964
2617
7181
7482
9848
1055
2190
8617
9025
8419
9030
2515
816
2448
6595
9696
7146
10001
975
9803
3115
2466
4703
8197
8332
2460
4750
602
2325
9238
8426
892
4565
201
4786
896
6878
2344
5474
9890
42
9768
7992
6047
5707
576
3426
4056
1945
2674
2077
8559
7121
1204
7079
1281
857
5221
6124
10072
9582
4531
7318
8858
3396
9433
6228
9404
9510
2363
1073
4972
745
7755
1084
7344
8535
8393
8238
1854
6748
3989
5376
6892
3530
3341
607
7739
3765
5005
3819
5028
3095
5896
9089
9247
1093
1683
8751
8522
9122
8828
9812
2638
8546
788
6558
514
1976
6027
2911
6524
4699
9137
792
7893
9474
8685
2380
10024
7675
5873
9059
9836
8070
6449
1579
386
6315
8391
8581
9132
7239
382
4586
6607
341
5885
9029
6697
6968
5285
5081
2201
6601
7558
7441
1103
2585
173
6680
4974
640
5128
7987
3401
6115
5257
3462
8017
9992
9452
3848
48
7336
1305
3331
8809
9224
8525
9330
9099
5320
9190
7963
9634
6029
2445
6743
207
2765
1253
6411
3940
7158
893
6639
1663
7976
9676
6574
7599
5655
4512
4272
2656
5954
3266
4
7187
8381
8008
6669
3596
6529
8512
2148
855
7539
7041
5676
4274
9202
7022
8557
9513
650
4737
5084
7287
818
9928
8846
6887
4811
8701
2940
6191
9687
8146
754
8616
7587
3824
4436
1141
7031
7306
8597
7439
8755
9254
899
2663
7830
671
5592
10004
2133
6182
2357
8772
695
6924
3136
2119
9838
1524
6984
5978
7213
7823
49
4536
9370
2583
1990
5523
7099
5011
3971
8190
9870
6323
6468
9692
7602
7691
4939
8405
2218
3358
5665
4825
579
9067
52
7307
1111
3525
3000
731
2324
1097
1973
623
8702
9653
9088
1310
9445
8210
9033
1121
3901
4787
3009
95
2915
1289
6495
7161
6248
4420
660
3578
1975
7157
3078
6861
3534
4166
313
769
6926
8927
5236
1246
6497
6937
9458
6693
7135
6502
4481
1071
3605
1292
122
9936
5025
244
2437
5568
8470
3332
3506
9423
1003
9152
9232
3392
8142
3
8216
8654
8159
10003
7038
5160
8792
7748
6534
2996
5623
1048
8839
7632
4781
6632
2467
8440
8256
8211
1135
5289
6597
2088
2331
3587
425
8783
8475
6605
7527
2115
8747
3488
6200
8492
465
8642
9226
7081
924
869
3668
8786
1062
6423
7437
7962
1589
4976
5701
8855
3915
6493
8519
6716
7677
6489
7824
6430
5722
4052
3286
4381
7007
2902
8003
951
9646
2909
2704
7159
6355
9062
7622
9009
3153
8816
6619
8592
8042
8711
9288
887
3121
54
8241
3124
9889
2789
4739
3441
8898
4455
107
3139
2801
877
6065
9125
8173
44
6672
6050
3563
7141
4580
1521
8626
6298
2082
6331
2895
3585
7217
237
7609
6719
4820
1543
8471
8541
7160
6337
8065
7173
8662
5866
9827
5561
2779
3424
7934
8543
1781
529
8520
9820
8972
6408
6971
9998
8943
3193
8719
5572
7044
8615
8822
8094
8982
1192
8863
511
7234
7965
3485
1470
7427
8571
9461
9294
8434
840
7346
2830
2083
9357
9615
5218
2275
560
664
1676
3140
8330
4870
6013
2019
9153
7685
2662
6891
1546
3372
2665
2104
2374
117
3412
1439
423
2188
2558
4843
9804
3507
572
953
9359
1000
4210
5520
4756
5552
5365
2545
8774
17
6758
389
9187
9680
9864
9559
2783
7112
2377
3653
2824
2017
7005
5709
4879
5589
6766
6503
2504
8015
3622
9300
6598
5438
2169
8208
8997
9572
9325
6936
4681
8688
526
7067
1197
7644
8875
7481
3745
9042
4706
1145
8757
1109
6977
784
7723
9037
8928
8593
5203
45
9588
2141
6993
2168
1585
3037
8383
6293
9485
5924
5817
9250
8990
6551
9316
2708
3184
5977
4002
574
7286
7249
7228
9945
7818
8920
3515
9854
9515
643
835
5645
2821
2599
7174
8636
678
4360
3315
10060
6749
8168
8897
271
2348
9183
7581
7295
2757
7056
3698
6208
7339
1548
2189
7145
9976
6544
6788
4466
6219
3112
5059
6422
4532
370
2889
972
2732
3293
6014
429
9795
3206
1672
3595
8509
1660
5569
2968
2361
8500
5893
8765
9958
8138
3410
545
1534
5507
7169
1108
8161
8438
9364
6255
9753
1134
8368
2859
682
686
10017
5827
3242
4151
9852
9344
3154
9353
3295
7585
246
2337
2124
5578
4795
1755
6610
8937
7237
7701
9728
9534
7266
8549
7945
4212
2433
6701
534
5475
8930
6520
9678
9038
4855
9237
9395
9841
6682
516
3134
7985
9235
716
5041
9366
4133
8603
7803
6506
5342
546
9345
1438
9270
5780
10048
8776
8403
8770
9989
7179
6777
8504
8490
761
823
6283
1803
4767
7011
8503
6950
9522
3827
7122
8468
1347
6650
3404
9342
966
1148
7464
5758
6714
5308
5294
7875
9805
9993
5202
7792
6392
8677
6287
5849
6648
5237
4774
9346
7345
9211
1410
4500
50
7203
6580
6192
1129
1283
2600
7815
3490
3057
4796
15
7840
1909
6599
8489
9913
3283
8746
6523
483
7312
6818
8248
34
9636
303
1161
8991
7991
2816
9749
819
7376
1875
939
8819
7796
2623
5890
6483
3612
4068
7967
9727
4539
7537
4738
9527
3246
4380
6833
8342
6785
1337
2597
5583
2974
8105
4944
6433
4242
9919
3440
6250
1504
3088
5536
5379
4187
4960
467
3074
1511
9014
5460
10078
9387
5350
6229
6903
3311
9135
3233
422
811
733
200
2574
7280
6116
9496
1963
9719
8741
4594
324
2006
7224
2453
4382
3276
6509
9813
5403
8753
6469
8270
6696
8965
3280
738
2353
7483
5511
9168
6717
8722
9274
6863
8099
8356
2527
6396
9054
9751
9681
6834
7271
98
6533
4250
4516
3719
8860
8957
6136
6617
1378
4440
9744
8777
7816
8067
39
2033
6726
407
6604
1316
825
140
9192
5176
4159
7916
1535
3639
1018
8596
2063
8045
9766
4249
9057
2784
2476
737
2897
8013
4160
8108
7149
315
9291
6729
9987
6511
4001
2080
2366
6575
789
233
7410
5818
8328
3148
7932
550
7780
5034
3594
1041
8231
7594
8436
9105
7000
8388
9439
7015
6549
4024
8789
99
8533
1117
7281
9087
8548
991
9430
7941
6440
3287
1206
588
4748
624
5031
9199
9034
8829
9081
4804
5302
4050
7218
9256
8672
6583
5763
4590
6958
3329
2718
163
6838
6761
9743
8709
8399
9375
6747
4086
9610
9403
575
6933
1060
4513
1685
8462
9981
1068
6338
9264
9167
873
9315
1130
6647
7279
736
2954
1756
1029
7296
5316
9479
6784
6942
7231
6556
9322
9762
9955
475
1588
9177
7400
10047
6657
7272
4286
9003
203
4654
6628
7396
2120
5672
5528
3682
3076
8558
938
6150
549
9924
1602
990
6416
6432
8951
6966
674
2485
7802
2981
8779
7660
8424
6138
3755
1514
10056
4542
4162
4494
5228
4207
9599
771
9391
492
2333
5035
3296
3933
4592
5150
8115
7457
8456
3818
7530
6075
9982
8224
4680
6026
3468
9429
7507
9562
9416
2538
6117
7686
8693
6237
5510
9443
8966
5061
8961
677
3402
8949
1222
2516
1128
390
4333
3002
2373
6072
3460
7283
688
6728
9239
6321
6751
7915
2596
10055
8301
7303
1211
5174
3617
5047
9257
7745
7220
6630
2404
2417
8
9206
4591
1085
6562
8778
6486
908
1096
8297
1078
1367
3723
5472
7092
155
1042
637
3343
9571
8243
6195
8977
6133
8089
3151
7265
3543
7610
8432
9600
2254
4213
7835
476
4034
5033
6153
8915
969
620
6791
1072
3104
9979
5990
8430
9810
9746
6711
8646
6910
2959
9802
6199
3966
8435
4181
9336
5933
9977
6091
9647
5290
7510
2284
6284
9146
9952
914
2379
10016
4898
2927
9627
2846
51
8832
9847
1287
4544
817
4641
8148
2360
5394
4709
2725
8053
8750
2660
9415
2602
5119
435
4075
907
1532
5715
8563
7770
4478
10
5030
7858
2519
2454
9884
85
6450
459
3469
7248
1935
9169
9630
5920
4979
7747
9730
473
9191
3254
3478
7277
4085
9275
4049
687
6884
5926
1083
8834
1260
9621
5186
1046
4712
8870
3635
9318
5603
4189
9347
9850
7857
4111
5624
1191
9100
8843
571
8186
5844
4469
3214
9454
8511
704
9002
5442
3132
589
5306
236
6700
1194
493
9193
8011
8848
1284
5938
124
7395
3436
8075
9872
2928
144
1131
4104
5830
6354
6522
4271
8733
1036
9608
4451
9116
6048
