10	135
11	226
12	433
13	3071
14	427
15	536
16	217
20	103
21	70
22	306
23	68
24	660
25	751
26	437
30	758
31	343
32	427
33	77
34	291
35	99
36	85
40	427
41	85
42	24
43	555
44	96
45	148
46	359
50	1491
51	83
52	123
53	2581
54	32
55	437
56	3071
60	117
61	422
62	1672
63	536
64	864
65	3071
66	654
70	135
71	264
72	132
73	755
74	158
75	1558
76	275
80	345
81	755
82	381
83	883
84	115
85	32
86	697
90	91
91	353
92	373
93	2151
94	7
95	132
96	53
100	415
101	148
102	849
103	1999
104	24
105	1326
106	658
110	2392
111	102
112	528
113	10
114	652
115	90
116	68
120	18
121	116
122	679
123	1034
124	148
125	91
126	85
130	442
131	148
132	375
133	657
134	1215
135	19
136	81
140	1533
141	91
142	320
143	217
144	2151
145	1491
146	85
150	226
151	746
152	53
153	657
154	1326
155	52
156	437
160	83
161	555
162	19
163	1215
164	926
165	1069
166	68
170	275
171	1843
172	25
173	1069
174	217
175	217
176	2581
180	755
181	81
182	1367
183	103
184	755
185	66
186	2980
190	52
191	148
192	437
193	381
194	657
195	70
196	91
200	1093
201	1567
202	888
203	381
204	682
205	1461
206	1564
210	1367
211	682
212	1461
213	61
214	323
215	91
216	177
220	657
221	921
222	399
223	682
224	995
225	375
226	127
230	710
231	53
232	309
233	83
234	568
235	91
236	81
240	32
241	102
242	859
243	53
244	427
245	364
246	70
250	118
251	1320
252	91
253	1485
254	324
255	220
256	568
260	220
261	439
262	1146
263	83
264	660
265	20
266	357
270	33
271	422
273	1215
274	37
275	41
276	115
280	79
281	90
282	37
283	345
284	498
285	395
286	826
290	20
291	323
292	2104
293	129
294	78
295	61
296	91
300	20
301	28
302	345
303	427
304	148
305	18
306	323
310	18
311	70
312	83
313	358
314	105
315	77
316	1768
320	1146
321	323
322	91
323	99
324	436
325	1863
326	710
330	427
331	115
332	90
333	427
334	83
335	679
336	53
340	442
341	422
342	135
343	53
344	345
345	148
346	33
350	809
351	679
352	47
353	1367
354	24
355	83
356	1367
360	746
361	679
362	7
363	323
364	381
365	32
366	32
370	1093
371	755
372	226
373	755
374	427
375	422
376	148
380	81
381	710
382	1034
383	226
384	345
385	343
386	1269
390	536
391	53
392	37
393	105
394	1567
395	52
396	1069
400	83
401	91
402	226
403	53
404	473
405	395
406	37
410	18
411	710
412	81
413	33
414	707
415	96
416	2392
420	427
421	345
422	1533
423	32
424	679
426	53
430	81
431	710
432	246
433	710
434	491
435	652
436	395
440	60
441	66
442	105
443	91
444	697
445	358
446	1474
450	444
451	102
452	323
453	395
454	127
455	90
456	368
460	710
461	33
462	1367
463	746
464	817
465	707
466	1087
470	246
471	652
472	18
473	1533
474	702
475	323
476	81
480	81
481	436
482	7
483	148
484	1367
485	91
486	132
490	1558
491	654
492	53
493	1567
494	2104
495	148
496	1461
500	697
501	91
502	809
503	931
504	375
505	603
506	1315
510	2668
511	53
512	91
513	921
514	498
515	2796
516	733
520	95
521	78
522	345
523	99
524	972
525	323
526	1111
530	28
531	436
532	32
533	888
534	32
535	1808
536	91
540	37
541	46
542	25
543	1474
544	3136
545	2104
546	61
550	1863
551	148
552	148
553	132
554	99
555	1768
556	652
560	652
561	83
562	381
563	70
564	864
565	2104
566	568
570	99
571	275
572	746
573	663
574	19
575	972
576	751
580	91
581	99
582	384
583	25
584	24
585	1786
586	2668
590	91
591	345
592	3260
593	415
594	422
595	32
596	415
600	148
601	79
602	24
603	81
604	320
605	2773
606	972
610	66
611	394
612	102
613	226
614	381
615	699
616	702
620	391
621	66
622	1355
623	2977
624	19
625	1438
626	291
630	18
631	1137
632	1069
633	1195
634	83
635	66
636	439
640	3189
641	395
642	19
643	663
644	395
645	931
646	427
650	91
651	1558
652	62
653	323
654	103
655	615
656	1215
660	657
661	1367
662	1567
663	217
664	354
665	478
666	41
670	85
671	53
673	148
674	81
675	81
676	1093
680	652
681	91
682	105
683	1491
684	135
685	146
686	102
690	148
691	60
692	90
693	83
694	29
695	32
696	383
700	85
701	102
702	2190
703	436
704	81
705	226
706	1209
710	702
711	707
712	25
713	118
714	412
715	226
716	92
720	468
721	343
722	682
723	345
724	81
725	1111
726	323
730	91
731	19
732	85
733	1845
734	427
735	37
736	865
740	427
741	37
742	1847
743	91
744	91
745	19
746	2392
750	415
751	439
752	148
753	437
754	3280
755	177
756	1111
760	657
761	521
762	567
763	70
764	357
765	746
766	1461
770	3056
771	3080
772	746
773	37
774	1367
775	275
776	28
780	65
781	115
782	81
783	148
784	568
785	2104
786	407
790	437
791	528
792	1093
793	427
794	275
795	37
796	751
800	211
801	148
802	345
803	1367
804	24
805	369
806	284
810	148
811	90
812	975
813	91
814	32
815	32
816	148
820	442
821	62
822	324
823	415
824	29
825	215
826	101
830	2668
831	19
832	468
833	19
834	91
835	1063
836	2581
840	2904
841	1558
842	148
843	1086
844	7
845	118
846	91
850	28
851	81
852	18
853	380
854	1548
855	1367
856	412
860	427
861	2104
862	127
863	427
864	24
865	41
866	597
870	19
871	148
872	186
873	91
874	2045
875	148
876	1799
880	91
881	55
882	364
883	654
884	1111
885	707
886	2780
890	568
891	1269
892	81
893	2211
894	468
895	81
896	417
900	83
901	53
902	927
903	1688
904	697
905	323
906	972
910	1508
911	150
912	746
913	85
914	2392
915	1367
916	68
920	437
921	90
922	346
923	345
924	755
925	91
926	755
930	91
931	85
932	755
933	19
934	41
935	70
936	91
940	2668
941	658
942	146
943	148
944	652
945	1564
946	1111
950	583
951	1093
952	103
953	47
954	79
955	402
956	657
960	381
961	37
962	3106
963	433
964	758
965	422
966	931
970	241
971	91
972	469
973	660
974	2247
975	226
976	1367
980	132
981	10
982	1367
983	226
984	37
985	679
986	710
990	652
991	61
992	81
993	2151
994	1367
995	1845
996	60
1000	85
1001	85
1002	381
1003	427
1004	1146
1005	32
1006	863
1010	90
1011	440
1012	102
1013	456
1014	18
1015	710
1016	317
1020	427
1021	92
1022	105
1023	83
1024	343
1025	679
1026	442
1030	1063
1031	91
1032	1367
1033	71
1034	652
1035	37
1036	407
1040	85
1041	291
1042	2104
1043	2211
1044	437
1045	358
1046	1214
1050	422
1051	454
1052	427
1053	32
1054	19
1055	3062
1056	1845
1060	422
1061	66
1062	1367
1063	81
1064	422
1065	148
1066	90
1070	37
1071	1722
1072	3129
1073	399
1074	710
1075	1799
1076	1808
1080	758
1081	91
1082	343
1083	96
1084	19
1085	52
1086	133
1090	99
1091	2581
1092	468
1093	850
1094	37
1095	47
1096	2190
1100	53
1101	3136
1102	395
1103	91
1104	226
1105	657
1106	148
1110	437
1111	498
1112	85
1113	427
1114	637
1115	115
1116	865
1120	1150
1121	468
1122	148
1123	1999
1124	1652
1125	437
1126	24
1130	555
1131	427
1132	151
1133	755
1134	53
1135	148
1136	437
1140	628
1141	637
1142	837
1143	707
1144	860
1145	68
1146	226
1150	395
1151	758
1152	422
1153	427
1154	1367
1155	37
1156	375
1160	1986
1161	79
1162	71
1163	568
1164	642
1165	151
1166	1845
1170	422
1171	158
1172	20
1173	345
1174	2581
1175	68
1176	81
1180	746
1181	217
1182	555
1183	1063
1184	381
1185	81
1186	37
1190	427
1191	90
1192	83
1193	39
1194	654
1195	32
1196	422
1200	1215
1201	320
1202	2581
1203	37
1204	2794
1205	422
1206	972
1210	536
1211	697
1212	1514
1213	105
1214	454
1215	55
1216	41
1220	105
1221	657
1222	427
1223	18
1224	83
1225	415
1226	345
1230	28
1231	707
1232	28
1233	1367
1234	19
1235	101
1236	1558
1240	1514
1241	1146
1242	1069
1243	83
1244	1367
1245	1092
1246	3071
1250	427
1251	91
1252	28
1253	772
1254	18
1255	707
1256	81
1260	1533
1261	323
1262	91
1263	131
1264	1508
1265	693
1266	921
1270	235
1271	460
1272	1786
1273	412
1274	422
1275	28
1276	373
1280	7
1281	2104
1282	60
1283	148
1284	1063
1285	117
1286	81
1290	438
1291	427
1292	337
1293	19
1294	345
1295	2104
1296	1063
1300	2104
1301	442
1302	746
1303	422
1304	32
1305	148
1306	37
1310	148
1311	345
1312	353
1313	3204
1314	755
1315	755
1316	261
1320	258
1321	83
1322	215
1323	82
1324	1063
1325	275
1326	972
1330	37
1331	90
1332	132
1333	288
1334	427
1335	1558
1336	81
1340	579
1341	345
1342	70
1343	663
1344	395
1345	682
1346	1069
1350	2015
1351	323
1352	2581
1353	323
1354	32
1355	1558
1356	1215
1360	1214
1361	1034
1362	422
1363	2581
1364	241
1365	241
1366	1558
1370	395
1371	439
1372	91
1373	275
1374	32
1375	66
1376	555
1380	52
1381	81
1382	19
1383	90
1384	412
1385	555
1386	132
1390	148
1391	127
1392	2581
1393	24
1394	1558
1395	298
1396	755
1400	391
1401	822
1402	1263
1403	469
1404	91
1405	97
1406	608
1410	395
1411	2217
1412	103
1413	18
1414	39
1415	275
1416	26
1420	1558
1421	71
1422	931
1423	412
1424	343
1425	710
1426	442
1430	883
1431	555
1432	1847
1433	37
1434	555
1435	1326
1436	415
1440	91
1441	190
1442	422
1443	91
1444	53
1445	353
1446	746
1450	583
1451	33
1452	2581
1453	478
1454	2581
1455	379
1456	2780
1460	2104
1461	1514
1462	87
1463	7
1464	395
1465	85
1466	1034
1470	755
1471	382
1472	369
1473	33
1474	395
1475	345
1476	437
1480	436
1481	70
1482	1367
1483	32
1484	32
1485	19
1486	148
1490	7
1491	85
1492	81
1493	1567
1494	738
1495	60
1496	81
1500	53
1501	81
1502	568
1503	32
1504	146
1505	707
1506	746
1510	568
1511	2104
1512	2174
1513	53
1514	2104
1515	91
1516	91
1520	148
1521	1146
1522	538
1523	132
1524	277
1525	1242
1526	1461
1530	437
1531	1367
1532	91
1533	90
1534	2076
1535	345
1536	20
1540	91
1541	427
1542	1845
1543	353
1544	1215
1545	381
1546	353
1550	443
1551	2904
1552	81
1553	375
1554	364
1555	132
1556	118
1560	132
1561	19
1562	682
1563	1845
1564	65
1565	2392
1566	972
1570	1847
1571	710
1572	103
1573	2104
1574	498
1575	32
1576	568
1580	381
1581	442
1582	33
1583	90
1584	437
1585	1367
1586	1461
1590	68
1591	422
1592	3071
1593	85
1594	226
1595	1674
1596	69
1600	679
1601	258
1602	773
1603	2581
1604	83
1605	652
1606	437
1610	437
1611	55
1612	97
1613	422
1614	24
1615	37
1616	19
1620	91
1621	323
1622	115
1623	568
1624	1069
1625	32
1626	1567
1630	3071
1631	1063
1632	710
1633	28
1634	381
1635	755
1636	226
1640	2668
1641	81
1642	2875
1643	70
1644	1680
1645	682
1646	295
1650	92
1651	71
1652	226
1653	102
1654	24
1655	353
1656	652
1660	226
1661	37
1662	148
1663	37
1664	37
1665	146
1666	424
1670	433
1671	91
1672	345
1673	91
1674	637
1675	32
1676	702
1680	148
1681	437
1682	1474
1683	91
1684	150
1685	368
1686	366
1690	81
1691	1461
1692	37
1693	81
1694	364
1695	1367
1696	32
1700	679
1701	427
1702	663
1703	81
1704	343
1705	597
1706	1327
1710	2104
1711	91
1712	413
1713	1831
1714	1194
1715	696
1716	61
1720	412
1721	19
1722	491
1723	1845
1724	437
1725	682
1726	103
1730	536
1731	657
1732	52
1733	346
1734	498
1735	1080
1736	275
1740	888
1741	850
1742	422
1743	52
1744	1097
1745	444
1746	442
1750	345
1751	2511
1752	755
1753	864
1754	279
1755	1367
1756	53
1760	412
1761	2904
1762	66
1763	802
1764	29
1765	422
1766	926
1770	53
1771	758
1772	148
1773	19
1774	132
1775	61
1776	345
1780	130
1781	1558
1782	568
1783	364
1784	654
1785	82
1786	91
1790	52
1791	24
1792	1558
1793	888
1794	427
1795	91
1796	20
1800	7
1801	105
1802	395
1803	99
1804	103
1805	68
1806	1544
1810	103
1811	148
1812	663
1813	83
1814	132
1815	61
1816	817
1820	2929
1821	422
1822	127
1823	746
1824	1367
1825	738
1826	91
1830	148
1831	103
1832	364
1833	105
1834	1567
1835	1508
1836	177
1840	32
1841	7
1842	81
1843	650
1844	68
1846	418
1850	395
1851	132
1852	148
1853	602
1854	103
1855	115
1856	53
1860	528
1861	116
1862	593
1863	1548
1864	755
1865	32
1866	1146
1870	2780
1871	91
1872	2157
1873	654
1874	37
1875	71
1876	56
1880	1367
1881	413
1882	102
1883	90
1884	32
1885	78
1886	422
1890	1648
1891	105
1892	372
1893	99
1894	306
1895	53
1896	491
1900	91
1901	53
1902	1326
1903	323
1904	1164
1905	2359
1906	2392
1910	710
1911	90
1912	637
1913	129
1914	702
1915	1474
1916	81
1920	95
1921	37
1922	648
1923	3096
1924	2104
1925	91
1926	19
1930	3204
1931	1093
1932	275
1933	226
1934	148
1935	1847
1936	817
1940	755
1941	427
1942	7
1943	99
1944	1558
1945	91
1946	28
1950	682
1951	148
1952	1799
1953	53
1954	2104
1955	91
1956	1474
1960	372
1962	53
1963	77
1964	487
1965	682
1966	373
1970	381
1971	679
1972	132
1973	345
1974	1367
1975	211
1976	568
1980	2729
1981	7
1982	412
1983	427
1984	127
1985	391
1986	621
1990	37
1991	357
1992	164
1993	652
1994	32
1995	441
1996	415
2000	33
2001	2208
2002	1150
2003	20
2004	85
2005	746
2006	102
2010	98
2011	275
2012	7
2013	972
2014	1548
2015	275
2016	83
2020	148
2021	2217
2022	472
2023	375
2024	79
2025	751
2026	2904
2030	81
2031	226
2032	412
2033	177
2034	412
2035	148
2036	81
2040	427
2041	1514
2042	129
2043	85
2044	18
2045	427
2046	415
2050	1093
2051	1149
2052	151
2053	132
2054	52
2055	652
2056	1544
2060	81
2061	91
2062	817
2063	19
2064	81
2065	422
2066	38
2070	148
2071	1069
2072	151
2073	81
2074	99
2075	495
2076	1063
2080	81
2081	1063
2082	2039
2083	1146
2084	1326
2085	1456
2086	148
2090	132
2091	746
2092	91
2093	10
2094	888
2095	555
2096	19
2100	437
2101	92
2102	53
2103	226
2104	118
2105	2419
2106	654
2110	89
2111	100
2112	427
2113	1786
2114	345
2115	150
2116	1367
2120	568
2121	246
2122	135
2123	395
2124	333
2125	755
2126	148
2130	1367
2131	345
2132	369
2133	46
2134	32
2135	648
2136	19
2140	679
2141	568
2142	697
2143	132
2144	654
2145	33
2146	427
2150	2875
2151	19
2152	568
2153	291
2154	1069
2155	1097
2156	682
2160	528
2161	226
2162	52
2163	148
2164	132
2165	66
2166	1786
2170	91
2171	1093
2172	3136
2173	460
2174	47
2175	81
2176	53
2180	38
2181	771
2182	1485
2183	33
2184	657
2185	18
2186	105
2190	1831
2191	1533
2192	324
2193	37
2194	809
2195	323
2196	91
2200	150
2201	132
2202	468
2203	19
2204	755
2205	81
2206	33
2210	90
2211	91
2212	1508
2213	427
2214	226
2215	37
2216	1863
2220	710
2221	1533
2222	146
2223	1922
2224	151
2225	323
2226	555
2230	52
2231	7
2232	395
2233	671
2234	381
2235	1808
2236	30
2240	2668
2241	395
2242	1922
2243	2145
2244	394
2245	1367
2246	1847
2250	381
2251	1326
2252	53
2253	710
2254	1845
2255	81
2256	345
2260	1533
2261	1567
2262	345
2263	37
2264	951
2265	1269
2266	61
2270	679
2271	148
2272	468
2273	2581
2274	91
2275	329
2276	427
2280	697
2281	755
2282	261
2283	99
2284	33
2285	608
2286	1558
2290	2392
2291	2145
2292	91
2293	91
2294	60
2295	127
2296	568
2300	536
2301	2668
2302	91
2303	568
2304	19
2305	2796
2306	211
2310	567
2311	2392
2312	538
2313	177
2314	24
2315	395
2316	2895
2320	555
2321	37
2322	682
2323	258
2324	1680
2325	358
2326	921
2330	275
2331	83
2332	2104
2333	652
2334	323
2335	148
2336	91
2340	90
2341	437
2342	657
2343	1327
2344	102
2345	654
2346	358
2350	241
2351	427
2352	275
2353	148
2354	115
2355	1680
2356	1069
2360	150
2361	148
2362	422
2363	70
2364	7
2365	710
2366	81
2370	148
2371	1558
2372	1214
2373	32
2374	66
2375	20
2376	364
2380	55
2381	83
2382	867
2383	103
2385	412
2386	24
2390	91
2391	345
2392	264
2393	1146
2394	427
2395	358
2396	415
2401	101
2402	707
2403	415
2404	1367
2405	91
2406	415
2410	53
2411	751
2412	148
2413	2230
2414	47
2415	68
2416	7
2420	345
2421	291
2422	570
2423	61
2424	275
2425	24
2426	212
2430	53
2431	358
2432	291
2433	375
2434	53
2435	358
2436	972
2440	91
2441	443
2442	345
2443	32
2444	105
2445	283
2446	323
2450	2104
2451	132
2452	888
2453	460
2454	323
2455	1558
2456	99
2460	115
2461	1880
2462	2581
2463	346
2464	309
2465	323
2466	53
2470	995
2471	91
2472	710
2473	146
2474	3071
2475	2614
2476	52
2480	2104
2481	375
2482	710
2483	132
2484	61
2485	654
2486	32
2490	931
2491	117
2492	275
2493	1680
2494	2104
2495	1799
2496	682
2500	83
2501	7
2502	568
2503	78
2504	47
2505	55
2506	20
2510	566
2511	148
2512	19
2513	38
2514	427
2515	323
2516	83
2520	19
2521	382
2522	682
2523	325
2524	1034
2525	422
2526	2392
2530	150
2531	443
2532	7
2533	132
2534	19
2535	148
2536	217
2540	353
2541	19
2542	433
2543	7
2544	1558
2545	755
2546	440
2550	91
2551	771
2552	3106
2553	657
2554	436
2555	357
2556	1214
2560	555
2561	97
2562	3056
2563	323
2564	151
2565	656
2566	427
2570	148
2571	115
2572	1461
2573	346
2574	226
2575	148
2576	258
2580	343
2581	135
2582	132
2583	18
2584	2151
2585	81
2586	19
2590	2581
2591	1063
2592	536
2593	771
2594	345
2595	24
2596	395
2600	2104
2601	53
2602	412
2603	18
2604	1326
2605	148
2606	1829
2610	2104
2611	863
2612	133
2613	71
2614	422
2615	415
2616	148
2620	37
2621	92
2622	323
2623	652
2624	148
2625	53
2626	468
2630	19
2631	1146
2632	656
2633	68
2634	83
2635	1063
2636	415
2640	164
2641	771
2642	427
2643	98
2644	52
2645	710
2646	346
2650	597
2651	3038
2652	412
2653	97
2654	20
2655	671
2656	91
2660	99
2661	148
2662	1567
2663	657
2664	422
2665	395
2666	559
2670	2392
2671	395
2672	710
2673	345
2674	3112
2675	133
2676	53
2680	553
2681	1999
2682	91
2683	68
2684	422
2685	66
2686	81
2690	95
2691	657
2692	95
2693	817
2694	1514
2695	442
2696	131
2700	37
2701	32
2702	148
2703	1548
2704	1847
2705	751
2706	90
2710	1367
2711	345
2712	1367
2713	148
2714	1269
2715	323
2716	226
2720	164
2721	657
2722	91
2723	132
2724	536
2725	702
2726	654
2730	427
2731	246
2732	809
2733	763
2734	650
2735	2904
2736	394
2740	33
2741	682
2742	47
2743	1315
2744	97
2745	226
2746	90
2750	284
2751	2780
2752	164
2753	345
2754	329
2755	428
2756	972
2760	261
2761	32
2762	19
2763	755
2764	24
2765	555
2766	148
2770	323
2771	422
2772	226
2773	710
2774	1367
2775	103
2776	32
2780	1122
2781	18
2782	90
2783	1845
2784	150
2785	424
2786	1367
2790	115
2791	707
2792	412
2793	148
2794	52
2795	679
2796	652
2800	127
2801	85
2802	637
2803	24
2804	1558
2805	381
2806	32
2810	710
2811	2705
2812	24
2813	32
2814	468
2815	53
2816	652
2820	33
2821	1786
2822	105
2823	61
2824	346
2825	32
2826	654
2830	652
2831	148
2832	1885
2833	24
2834	931
2835	652
2836	132
2840	91
2841	33
2842	884
2843	422
2844	24
2845	226
2846	931
2850	921
2851	77
2852	412
2853	38
2854	375
2855	148
2856	707
2860	437
2861	28
2862	275
2863	79
2864	972
2865	298
2866	32
2870	83
2871	1367
2872	1558
2873	53
2874	2385
2875	3106
2876	654
2880	17
2881	1461
2882	91
2883	345
2884	1146
2885	70
2886	105
2890	1093
2891	275
2892	91
2893	158
2894	103
2895	415
2896	37
2901	1680
2902	538
2903	1140
2904	390
2905	561
2906	20
2910	226
2911	83
2912	83
2913	734
2914	148
2915	18
2916	99
2920	346
2921	1558
2922	102
2923	37
2924	381
2925	2104
2926	53
2930	710
2931	246
2932	437
2933	427
2934	53
2935	68
2936	32
2940	1508
2941	657
2942	52
2943	32
2944	652
2945	682
2946	32
2950	323
2951	1979
2952	99
2953	1786
2954	415
2955	931
2956	568
2960	52
2961	427
2962	83
2963	528
2964	91
2965	53
2966	146
2970	91
2971	375
2972	19
2973	7
2974	81
2975	70
2976	353
2980	375
2981	66
2982	437
2983	81
2984	78
2985	1326
2986	1150
2990	53
2991	469
2992	710
2993	755
2994	90
2995	468
2996	3062
3000	7
3001	381
3002	323
3003	433
3004	2743
3005	2980
3006	25
3010	61
3011	1986
3012	2392
3013	117
3014	2104
3015	226
3016	2713
3020	7
3021	847
3022	19
3023	972
3024	246
3025	391
3026	1095
3030	83
3031	1674
3032	1355
3033	679
3034	682
3035	710
3036	81
3040	375
3041	1514
3042	132
3043	3038
3044	146
3045	654
3046	91
3050	684
3051	70
3052	433
3053	277
3054	320
3055	345
3056	37
3060	682
3061	37
3062	85
3063	37
3064	345
3065	357
3066	883
3070	95
3071	83
3072	1886
3073	129
3074	1845
3075	7
3076	751
3080	100
3081	99
3082	648
3083	2581
3084	1558
3085	226
3086	32
3090	83
3091	809
3092	439
3093	115
3094	70
3095	1241
3096	1558
3100	865
3101	391
3102	427
3103	1544
3104	61
3105	2616
3106	32
3110	132
3111	70
3112	710
3113	657
3114	19
3115	2157
3116	323
3120	91
3121	1215
3122	805
3123	52
3124	422
3125	422
3126	19
3130	427
3131	37
3132	746
3133	412
3134	81
3135	99
3136	91
3140	926
3141	1786
3142	1269
3143	148
3144	68
3145	395
3146	226
3150	323
3151	437
3152	422
3153	1831
3154	50
3155	68
3156	323
3160	555
3161	99
3162	373
3163	79
3164	90
3165	32
3166	32
3170	32
3171	2904
3172	373
3173	115
3174	1367
3175	1069
3176	2904
3180	710
3181	103
3182	755
3183	2617
3184	345
3185	32
3186	3038
3190	1461
3191	660
3192	381
3193	19
3194	755
3195	226
3196	2904
3200	679
3201	422
3202	395
3203	679
3204	275
3205	468
3206	927
3210	17
3211	710
3212	657
3213	710
3214	427
3215	148
3216	32
3220	1799
3221	345
3222	39
3223	81
3224	360
3225	888
3226	597
3230	1146
3231	60
3232	2189
3233	373
3234	1680
3235	422
3236	61
3240	1514
3241	19
3242	437
3243	368
3244	3248
3245	148
3246	115
3250	261
3251	568
3252	7
3253	1680
3254	1558
3255	1558
3256	381
3260	91
3261	148
3262	710
3263	2104
3264	663
3265	498
3266	99
3270	103
3271	81
3272	1327
3273	121
3274	1558
3275	673
3276	2581
3280	345
3281	7
3282	1514
3283	495
3284	373
3285	821
3286	53
3290	413
3291	103
3292	395
3293	100
3294	3056
3295	615
3296	148
3300	395
3301	427
3302	454
3303	70
3304	1087
3305	345
3306	682
3310	2190
3311	19
3312	275
3313	508
3314	654
3315	597
3316	85
3320	412
3321	103
3322	91
3323	888
3324	679
3325	343
3326	24
3330	52
3331	746
3332	424
3333	568
3334	37
3335	1150
3336	81
3340	53
3341	60
3342	436
3343	24
3344	442
3345	52
3346	746
3350	132
3351	1493
3352	1461
3353	602
3354	83
3355	345
3356	81
3360	1539
3361	469
3362	20
3363	755
3364	863
3365	20
3366	422
3370	32
3371	99
3372	148
3373	19
3374	478
3375	55
3376	702
3380	568
3381	69
3382	652
3383	682
3384	2773
3385	70
3386	1845
3390	434
3391	226
3392	373
3393	555
3394	1269
3395	671
3396	375
3400	375
3401	148
3402	91
3403	345
3404	81
3405	1680
3406	220
3410	345
3411	79
3412	555
3413	1532
3414	707
3415	148
3416	415
3420	90
3421	755
3422	177
3423	1765
3424	148
3425	353
3426	2392
3430	91
3431	1671
3432	375
3433	422
3434	632
3435	47
3436	568
3440	652
3441	33
3442	710
3443	436
3444	427
3445	148
3446	148
3450	19
3451	19
3452	755
3453	100
3454	37
3455	91
3456	469
3460	454
3461	1539
3462	78
3463	52
3464	972
3465	81
3466	2717
3470	20
3471	809
3472	55
3473	97
3474	364
3475	859
3476	2511
3480	3071
3481	115
3482	148
3483	150
3484	422
3485	395
3486	972
3490	53
3491	81
3492	264
3493	437
3494	381
3495	357
3496	653
3500	52
3501	427
3502	1831
3503	10
3504	383
3505	32
3506	710
3510	383
3511	657
3512	1146
3513	1548
3514	763
3515	1111
3516	615
3520	427
3521	1086
3522	2581
3523	275
3524	1364
3525	1558
3526	1214
3530	99
3531	422
3532	422
3533	682
3534	648
3535	427
3536	2392
3540	323
3541	1671
3542	132
3543	460
3544	751
3545	99
3546	391
3550	99
3551	1491
3552	1335
3553	361
3554	81
3555	32
3556	90
3560	91
3561	148
3562	710
3563	427
3564	61
3565	70
3566	91
3570	395
3571	468
3572	926
3573	1056
3574	148
3575	127
3576	568
3580	19
3581	90
3582	710
3583	323
3584	454
3585	24
3586	32
3590	1146
3591	70
3592	53
3593	345
3594	323
3595	345
3596	91
3600	652
3602	662
3603	354
3604	2151
3605	2581
3606	226
3610	99
3611	1367
3612	83
3613	2104
3614	148
3615	20
3616	18
3620	1069
3621	19
3622	85
3623	323
3624	850
3625	52
3626	2104
3630	437
3631	211
3632	323
3633	2778
3634	422
3635	343
3636	1768
3640	2104
3641	375
3642	3163
3643	2581
3644	19
3645	33
3646	81
3650	18
3651	682
3652	82
3653	55
3654	972
3655	437
3656	422
3660	91
3661	1533
3662	92
3663	412
3664	32
3665	395
3666	440
3670	568
3671	505
3672	373
3673	177
3674	345
3675	52
3676	20
3680	564
3681	1367
3682	1643
3683	1558
3684	1558
3685	2581
3686	91
3690	1558
3691	1845
3692	148
3693	295
3694	746
3695	298
3696	32
3700	2668
3701	275
3702	805
3703	226
3704	568
3705	37
3706	91
3710	2668
3711	95
3712	62
3713	395
3714	921
3715	41
3716	1627
3720	710
3721	37
3722	1680
3723	91
3724	103
3725	81
3726	84
3730	1539
3731	3189
3732	402
3733	364
3734	379
3735	102
3736	53
3740	52
3741	118
3742	617
3743	2780
3744	298
3745	1367
3746	373
3750	415
3751	66
3752	442
3753	24
3754	105
3755	555
3756	817
3760	1533
3761	29
3762	343
3763	103
3764	66
3765	32
3766	116
3770	17
3771	746
3772	1548
3773	30
3774	91
3775	37
3776	32
3780	17
3781	1461
3782	1367
3783	226
3784	85
3785	66
3786	437
3790	375
3791	422
3792	129
3793	568
3794	28
3795	395
3796	710
3800	456
3801	19
3802	1567
3803	226
3804	2779
3805	364
3806	383
3810	53
3811	358
3812	931
3813	437
3814	652
3815	1111
3816	1080
3820	66
3821	702
3822	2151
3823	103
3824	2104
3825	226
3826	437
3830	32
3831	662
3832	132
3833	391
3834	60
3835	264
3836	1680
3840	79
3841	710
3842	345
3843	87
3844	90
3845	226
3846	375
3850	758
3851	469
3852	132
3853	394
3854	1367
3855	99
3856	615
3860	427
3861	91
3862	696
3863	32
3864	91
3865	148
3866	115
3870	135
3871	931
3872	682
3873	1367
3874	55
3875	1410
3876	37
3880	60
3881	17
3882	102
3883	345
3884	343
3885	710
3886	652
3890	427
3891	18
3892	53
3893	2392
3894	710
3895	32
3896	36
3900	148
3901	1152
3902	20
3903	53
3904	817
3905	1461
3906	37
3910	3071
3911	37
3912	427
3913	217
3914	415
3915	61
3916	177
3920	61
3921	116
3922	53
3923	90
3924	3106
3925	1234
3926	61
3930	20
3931	29
3932	1786
3933	81
3934	1034
3935	679
3936	2392
3940	437
3941	132
3942	1327
3943	323
3944	422
3945	20
3946	375
3950	710
3951	413
3952	91
3953	60
3954	32
3955	364
3956	101
3960	568
3961	652
3962	18
3963	83
3964	412
3965	710
3966	68
3970	258
3971	59
3972	81
3973	368
3974	53
3975	1326
3976	85
3980	91
3981	746
3982	37
3983	3038
3984	20
3985	91
3986	381
3990	81
3991	81
3992	87
3993	817
3994	1327
3995	354
3996	2104
4000	323
4001	1533
4002	395
4003	146
4004	226
4005	85
4006	99
4010	536
4011	707
4012	37
4013	1367
4014	2104
4015	707
4016	412
4020	91
4021	19
4022	62
4023	648
4024	652
4025	65
4026	1558
4030	96
4031	90
4032	568
4033	325
4034	468
4035	85
4036	5
4040	91
4041	66
4042	91
4043	70
4044	61
4045	887
4046	33
4050	1326
4051	103
4052	127
4053	710
4054	115
4055	1596
4056	972
4060	148
4061	258
4062	226
4063	105
4064	323
4065	323
4066	710
4070	7
4071	407
4072	1829
4073	491
4074	20
4075	2104
4076	358
4080	710
4081	131
4082	883
4083	132
4084	47
4085	61
4086	90
4090	364
4091	37
4092	427
4093	2245
4094	148
4095	148
4096	53
4100	92
4101	2104
4102	468
4103	91
4104	657
4105	2104
4106	375
4110	1367
4111	7
4112	53
4113	1063
4114	2581
4115	291
4116	71
4120	78
4121	422
4122	91
4123	657
4124	91
4125	70
4126	682
4130	437
4131	473
4132	32
4133	437
4134	1367
4135	1367
4136	931
4140	345
4141	375
4142	55
4143	226
4144	33
4145	66
4146	2980
4150	1326
4151	102
4152	682
4153	32
4154	395
4155	32
4156	802
4160	755
4161	19
4162	2039
4163	19
4164	1063
4165	1456
4166	1069
4170	129
4171	3071
4172	1567
4173	445
4174	2104
4175	329
4176	32
4180	1564
4181	105
4182	1799
4183	77
4184	261
4185	1069
4186	3062
4190	66
4191	53
4192	38
4193	682
4194	356
4195	682
4196	53
4200	291
4201	81
4202	90
4203	90
4204	19
4205	29
4206	19
4210	85
4211	751
4212	323
4213	186
4214	83
4215	381
4216	37
4220	90
4221	437
4222	118
4223	345
4224	536
4225	148
4226	70
4230	151
4231	151
4232	91
4233	52
4234	755
4235	710
4236	101
4240	1831
4241	657
4242	1367
4243	888
4244	91
4245	1680
4246	215
4250	1533
4251	707
4252	47
4253	211
4254	226
4255	148
4256	148
4260	53
4261	66
4262	19
4263	103
4264	323
4265	442
4266	277
4270	931
4271	346
4272	32
4273	91
4274	53
4275	373
4276	422
4280	1456
4281	246
4282	91
4283	454
4284	1768
4285	1355
4286	710
4290	345
4291	468
4292	345
4293	422
4294	346
4295	91
4296	2392
4300	381
4301	427
4302	710
4303	2581
4304	226
4305	368
4306	148
4310	679
4311	91
4312	682
4313	375
4314	663
4315	2245
4316	91
4320	7
4321	654
4322	53
4323	19
4324	1357
4325	91
4326	2392
4330	91
4331	220
4332	343
4333	2247
4334	78
4335	148
4336	1843
4340	682
4341	1367
4342	2581
4343	275
4344	2104
4345	91
4346	1558
4350	117
4351	1456
4352	505
4353	2581
4354	427
4355	1326
4356	369
4360	682
4361	373
4362	746
4363	454
4364	37
4365	127
4366	148
4370	83
4371	90
4372	1831
4373	19
4374	1111
4375	1170
4376	91
4380	226
4381	440
4382	2581
4383	61
4384	3071
4385	52
4386	972
4390	3136
4391	105
4392	9
4393	118
4394	1539
4395	95
4396	1069
4400	83
4401	1845
4402	358
4403	707
4404	275
4405	132
4406	20
4410	1671
4411	2151
4412	3071
4413	415
4414	70
4415	375
4416	275
4420	148
4421	478
4422	47
4423	18
4424	61
4425	921
4426	261
4430	498
4431	345
4432	275
4433	422
4434	381
4435	91
4436	422
4440	103
4441	18
4442	682
4443	1063
4444	375
4445	148
4446	7
4450	771
4451	1558
4452	148
4453	926
4454	697
4455	148
4456	81
4460	345
4461	71
4462	164
4463	3071
4464	536
4465	53
4466	102
4470	19
4471	436
4472	2104
4473	1086
4474	53
4475	652
4476	1665
4480	99
4481	422
4482	91
4483	18
4484	20
4485	345
4486	2581
4490	146
4491	345
4492	628
4493	707
4494	391
4495	2796
4496	710
4500	19
4501	323
4502	373
4503	568
4504	682
4505	1474
4506	755
4510	1461
4511	71
4512	99
4513	657
4514	102
4515	608
4516	19
4520	323
4521	38
4522	323
4523	1845
4524	53
4525	81
4526	427
4530	395
4531	2581
4532	707
4533	2104
4534	422
4535	323
4536	53
4540	1986
4541	710
4542	1209
4543	437
4544	1215
4545	7
4546	61
4550	427
4551	682
4552	20
4553	81
4554	226
4555	53
4556	710
4560	794
4561	427
4562	1514
4563	809
4564	412
4565	427
4566	2104
4570	52
4571	33
4572	148
4573	132
4574	53
4575	127
4576	37
4580	148
4581	37
4582	1063
4583	381
4584	1215
4585	2779
4586	422
4590	83
4591	148
4592	2980
4593	320
4594	226
4595	148
4596	148
4600	1093
4601	148
4602	652
4603	621
4604	555
4605	710
4606	755
4610	91
4611	37
4612	555
4613	37
4614	568
4615	707
4616	394
4620	427
4621	375
4622	1461
4623	662
4624	1150
4625	671
4626	85
4630	37
4631	148
4632	442
4633	1326
4634	710
4635	52
4636	755
4640	81
4641	710
4642	600
4643	439
4644	241
4645	68
4646	1799
4650	148
4651	382
4652	1567
4653	2778
4654	211
4655	454
4656	710
4660	1799
4661	78
4662	91
4663	68
4664	68
4665	148
4666	78
4670	391
4671	442
4672	148
4673	150
4674	323
4675	291
4676	53
4680	1680
4681	132
4682	809
4683	37
4684	395
4685	47
4686	1367
4690	536
4691	343
4692	2104
4693	1287
4694	972
4695	91
4696	931
4700	1979
4701	294
4702	805
4703	395
4704	83
4705	921
4706	597
4710	148
4711	91
4712	1461
4713	90
4714	617
4715	710
4716	25
4720	148
4721	132
4722	746
4723	342
4724	1567
4725	81
4726	1367
4730	2125
4731	60
4732	1190
4733	103
4734	368
4735	1132
4736	2104
4740	148
4741	1558
4742	132
4743	395
4744	148
4745	422
4746	103
4750	710
4751	381
4752	2104
4753	437
4754	78
4755	1063
4756	1355
4760	83
4761	150
4762	91
4763	211
4764	345
4765	921
4766	85
4770	568
4771	1883
4772	2104
4773	32
4774	65
4775	1558
4776	2104
4780	2668
4781	401
4782	85
4783	434
4784	2434
4785	99
4786	32
4790	657
4791	1922
4792	427
4793	115
4794	1269
4795	1011
4796	66
4800	354
4801	1093
4802	1367
4803	381
4804	702
4805	102
4806	353
4810	422
4811	1558
4812	1367
4813	24
4814	1768
4815	710
4816	427
4820	358
4821	91
4822	32
4823	52
4824	148
4825	381
4826	1680
4830	1093
4831	211
4832	103
4833	47
4834	3062
4835	37
4836	102
4840	654
4841	19
4842	52
4843	37
4844	83
4845	30
4846	1558
4850	3056
4851	437
4852	258
4853	710
4854	28
4855	1146
4856	1474
4860	422
4861	32
4862	381
4863	148
4864	1335
4865	1421
4866	1474
4870	1533
4871	87
4872	1688
4873	85
4874	226
4875	1367
4880	53
4881	78
4882	536
4883	132
4884	1845
4885	657
4886	103
4890	381
4891	132
4892	91
4893	1548
4894	395
4895	102
4896	53
4900	395
4901	381
4902	150
4903	133
4904	47
4905	860
4906	190
4910	18
4911	92
4912	1558
4913	226
4914	323
4915	822
4916	849
4920	91
4921	568
4922	103
4923	654
4924	1146
4925	2392
4926	657
4930	442
4931	91
4932	116
4933	53
4934	422
4935	1508
4936	1533
4940	91
4941	87
4942	53
4943	18
4944	437
4945	90
4946	91
4950	226
4951	275
4952	91
4953	37
4954	99
4955	353
4956	863
4960	79
4961	1326
4962	422
4963	394
4964	117
4965	997
4966	30
4970	105
4971	323
4972	151
4973	24
4974	83
4975	1069
4976	148
4980	37
4981	53
4982	422
4983	707
4984	53
4985	2104
4986	53
4990	437
4991	3106
4992	150
4993	164
4994	422
4995	99
4996	710
5000	437
5001	129
5002	19
5003	148
5004	19
5005	241
5006	81
5010	424
5011	148
5012	1548
5013	52
5014	1367
5015	391
5016	495
5020	148
5021	20
5022	61
5023	150
5024	1567
5025	3244
5026	755
5030	710
5031	437
5032	151
5033	53
5034	2104
5035	20
5036	734
5040	330
5041	91
5042	91
5043	353
5044	1514
5045	693
5046	148
5050	103
5051	427
5052	383
5053	707
5054	652
5055	68
5056	373
5060	1539
5061	62
5062	132
5063	85
5064	710
5065	2151
5066	1241
5070	702
5071	1567
5072	2190
5073	888
5074	1680
5075	860
5076	657
5080	70
5081	115
5082	97
5083	809
5084	81
5085	81
5086	2392
5090	437
5091	91
5092	85
5093	132
5094	32
5095	91
5096	422
5100	657
5101	1533
5102	53
5103	2904
5104	91
5105	395
5106	755
5110	468
5111	415
5112	358
5113	103
5114	921
5115	148
5116	115
5120	91
5121	53
5122	1548
5123	127
5124	53
5125	148
5126	102
5130	1799
5131	353
5132	682
5133	2245
5134	52
5135	3038
5136	373
5140	710
5141	291
5142	867
5143	135
5144	92
5145	394
5146	33
5150	91
5151	90
5152	2724
5153	131
5154	91
5155	1461
5156	422
5160	135
5161	1970
5162	356
5163	91
5164	24
5165	422
5166	70
5170	52
5171	37
5172	127
5173	1680
5174	381
5175	41
5176	1063
5180	536
5181	81
5182	85
5183	454
5184	91
5185	53
5186	1111
5190	52
5191	437
5192	83
5193	697
5194	2535
5195	654
5196	70
5200	528
5201	864
5202	710
5203	53
5204	331
5205	1558
5206	20
5210	657
5211	55
5212	323
5213	931
5214	888
5215	97
5216	148
5220	568
5221	364
5222	864
5223	246
5224	454
5225	60
5226	2913
5230	148
5231	1063
5232	663
5233	395
5234	1269
5235	32
5236	1991
5240	2013
5241	1558
5242	2375
5243	682
5244	20
5245	18
5246	55
5250	91
5251	132
5252	662
5253	679
5254	81
5255	91
5256	931
5260	105
5261	18
5262	32
5263	381
5264	422
5265	148
5266	91
5270	37
5271	437
5272	1567
5273	1491
5274	52
5275	921
5276	597
5280	19
5281	117
5282	127
5283	1788
5284	822
5285	679
5286	652
5290	99
5291	1367
5292	33
5293	489
5294	2104
5295	888
5296	1367
5300	412
5301	92
5302	90
5303	148
5304	422
5305	115
5306	412
5310	1533
5311	1095
5312	358
5313	1845
5314	102
5315	32
5316	81
5320	52
5321	370
5322	1367
5323	32
5324	1461
5325	422
5326	115
5330	364
5331	427
5332	148
5333	37
5334	164
5335	427
5336	78
5340	70
5341	19
5342	19
5343	70
5344	131
5345	148
5346	261
5350	135
5351	1150
5352	261
5353	751
5354	1089
5355	1367
5356	81
5360	52
5361	24
5362	2780
5363	2104
5364	47
5365	91
5366	323
5370	37
5371	1567
5372	415
5373	24
5374	323
5375	682
5376	66
5380	18
5381	375
5382	103
5383	1269
5384	383
5385	1111
5386	373
5390	2495
5391	81
5392	368
5393	427
5394	1680
5395	1548
5396	102
5400	148
5401	32
5402	83
5403	346
5404	7
5405	658
5406	83
5410	381
5411	82
5412	13
5413	358
5414	18
5415	148
5416	19
5420	211
5421	1367
5422	79
5423	931
5424	226
5425	116
5426	148
5430	105
5431	679
5432	755
5433	91
5434	395
5435	61
5436	2980
5440	151
5441	1367
5442	358
5443	679
5444	1194
5445	1152
5446	91
5450	158
5451	505
5452	682
5453	1367
5454	346
5455	211
5456	61
5460	2904
5461	85
5462	746
5463	37
5464	1092
5465	412
5466	68
5470	2581
5471	148
5472	364
5473	52
5474	83
5475	18
5476	1533
5480	682
5481	217
5482	47
5483	1680
5484	751
5485	3204
5486	91
5490	91
5491	1093
5492	375
5493	29
5494	85
5495	568
5496	652
5500	32
5501	817
5502	29
5503	68
5504	2104
5505	416
5506	132
5510	652
5511	97
5512	1133
5513	368
5514	37
5515	129
5516	1456
5520	699
5521	1474
5522	29
5523	291
5524	85
5525	190
5526	3136
5530	66
5531	437
5532	53
5533	148
5534	427
5535	358
5536	148
5540	32
5541	1069
5542	1513
5543	66
5544	52
5545	78
5546	19
5550	323
5551	103
5552	55
5553	2780
5554	1537
5555	52
5556	220
5560	373
5561	1537
5562	13
5563	2713
5564	1491
5565	671
5566	223
5570	1164
5571	1367
5572	710
5573	1533
5574	83
5575	226
5576	568
5580	99
5581	1146
5582	61
5583	7
5584	61
5585	275
5586	710
5590	211
5591	148
5592	2104
5593	402
5594	357
5595	357
5596	568
5600	995
5601	150
5602	2459
5603	91
5604	19
5605	1456
5606	568
5610	148
5611	412
5612	1885
5613	1558
5614	702
5615	1086
5616	32
5620	758
5621	91
5622	817
5623	52
5624	91
5625	52
5626	1093
5630	148
5631	90
5632	81
5633	66
5634	1548
5635	2104
5636	1326
5640	115
5641	381
5642	395
5643	1788
5644	394
5645	2581
5646	597
5650	536
5651	81
5652	648
5653	630
5654	148
5655	657
5656	53
5660	754
5661	434
5662	226
5663	679
5664	103
5665	24
5666	103
5670	105
5671	1558
5672	373
5673	275
5674	2359
5675	60
5676	89
5680	83
5681	422
5682	1326
5683	710
5684	85
5685	61
5686	417
5690	66
5691	1558
5692	380
5693	368
5694	345
5695	654
5696	491
5700	427
5701	568
5702	37
5703	148
5704	1491
5705	323
5706	368
5710	323
5711	2104
5712	148
5713	264
5714	10
5715	671
5716	427
5720	2904
5721	710
5722	19
5723	37
5724	555
5725	555
5726	66
5730	1847
5731	70
5732	129
5733	47
5734	640
5735	320
5736	52
5740	427
5741	391
5742	2104
5743	437
5744	66
5745	103
5746	427
5750	91
5751	148
5752	682
5753	2104
5754	1056
5755	70
5756	37
5760	2581
5761	710
5762	439
5763	47
5764	33
5765	679
5766	83
5770	18
5771	148
5772	148
5773	92
5774	710
5775	568
5776	921
5780	91
5781	422
5782	2581
5783	81
5784	1680
5785	91
5786	129
5790	381
5791	85
5792	37
5793	1367
5794	654
5795	32
5796	755
5800	358
5801	353
5802	2104
5803	3056
5804	99
5805	103
5806	148
5810	399
5811	536
5812	323
5813	345
5814	18
5815	1680
5816	381
5820	220
5821	53
5822	91
5823	105
5824	323
5825	710
5826	61
5830	437
5831	657
5832	1190
5833	990
5834	468
5835	1558
5836	422
5840	364
5841	7
5842	466
5843	412
5844	7
5845	364
5846	1564
5850	621
5851	3071
5852	427
5853	53
5854	454
5855	1269
5856	469
5860	2126
5861	148
5862	1558
5863	323
5864	395
5865	148
5866	85
5870	439
5871	682
5872	809
5873	345
5874	2780
5875	2016
5876	710
5880	291
5881	671
5882	358
5883	765
5884	61
5885	81
5886	357
5890	20
5891	115
5892	226
5893	460
5894	439
5895	52
5896	91
5900	115
5901	68
5902	148
5903	437
5904	381
5905	41
5906	1799
5910	345
5911	13
5912	129
5913	1558
5914	415
5915	1514
5916	19
5920	101
5921	412
5922	148
5923	3038
5924	47
5925	2581
5926	91
5930	412
5931	422
5932	1680
5933	1845
5934	68
5935	19
5936	148
5940	7
5941	771
5942	226
5943	1367
5944	1089
5945	369
5946	105
5950	437
5951	637
5952	148
5953	100
5954	478
5955	697
5956	91
5960	127
5961	343
5962	148
5963	148
5964	1845
5965	652
5966	2713
5970	211
5971	652
5972	92
5973	2705
5974	275
5975	32
5976	53
5980	132
5981	81
5982	115
5983	657
5984	150
5985	682
5986	926
5990	654
5991	19
5992	83
5993	68
5994	802
5995	415
5996	710
6000	226
6001	62
6002	91
6003	536
6004	697
6005	358
6006	317
6010	1093
6011	682
6012	100
6013	47
6014	151
6015	37
6016	53
6020	66
6021	652
6022	850
6023	24
6024	91
6025	755
6026	85
6030	710
6031	78
6032	1786
6033	323
6034	320
6035	115
6036	91
6040	2104
6041	437
6042	437
6043	19
6044	18
6045	3280
6046	422
6050	150
6051	3071
6052	60
6053	437
6054	33
6055	53
6056	343
6060	434
6061	68
6062	91
6063	91
6064	226
6065	148
6066	91
6070	85
6071	422
6072	1539
6073	323
6074	65
6075	2581
6076	415
6080	1533
6081	324
6082	1880
6083	536
6084	25
6085	81
6086	1558
6090	568
6091	422
6092	1146
6093	2039
6094	91
6095	19
6096	568
6100	1326
6101	1558
6102	62
6103	53
6104	1326
6105	29
6106	18
6110	61
6111	1461
6112	1214
6113	148
6114	50
6115	151
6116	1063
6120	115
6121	79
6122	1190
6123	368
6124	2581
6125	61
6126	345
6130	61
6131	66
6132	91
6133	18
6134	118
6135	424
6136	498
6140	1367
6141	568
6142	24
6143	151
6144	440
6145	693
6146	32
6150	1906
6151	415
6152	148
6153	1367
6154	61
6155	19
6156	83
6160	32
6161	427
6162	443
6163	81
6164	1845
6165	247
6166	2375
6170	19
6171	1298
6172	412
6173	19
6174	682
6175	1326
6176	444
6180	437
6181	82
6182	809
6183	427
6184	226
6185	663
6186	2190
6190	1558
6191	19
6192	822
6193	375
6194	657
6195	1367
6196	18
6200	2780
6201	18
6202	1558
6203	427
6204	671
6205	1111
6206	751
6210	1671
6211	85
6212	1190
6213	132
6214	847
6215	345
6216	415
6220	1034
6221	1564
6222	1514
6223	52
6224	1558
6225	652
6226	390
6230	1533
6231	148
6232	53
6233	61
6234	91
6235	2581
6236	710
6240	52
6241	1847
6242	91
6243	375
6244	83
6245	32
6246	81
6250	1461
6251	2729
6252	323
6253	358
6254	394
6255	85
6256	275
6260	148
6261	1367
6262	756
6263	751
6264	368
6265	345
6266	1326
6270	91
6271	437
6272	1252
6273	60
6274	19
6275	115
6276	70
6280	115
6281	697
6282	61
6283	24
6284	343
6285	972
6286	92
6290	679
6291	71
6292	83
6293	583
6294	671
6295	127
6296	148
6300	2104
6301	567
6302	2581
6303	24
6304	55
6305	2904
6306	1215
6310	422
6311	1768
6312	684
6313	226
6314	7
6315	41
6316	7
6320	345
6321	710
6322	2581
6323	148
6324	1786
6325	81
6326	437
6330	79
6331	343
6332	99
6333	37
6334	888
6335	1461
6336	226
6340	437
6341	115
6342	437
6343	62
6344	1567
6345	375
6346	536
6350	53
6351	382
6352	399
6353	364
6354	637
6355	90
6356	37
6360	148
6361	1367
6362	117
6363	81
6364	2245
6365	427
6366	146
6370	412
6371	1214
6372	422
6373	105
6374	3155
6375	37
6376	931
6380	1093
6381	103
6382	91
6383	91
6384	61
6385	652
6386	81
6390	345
6391	91
6392	2581
6393	395
6394	132
6395	424
6396	118
6400	921
6401	7
6402	437
6403	132
6404	97
6405	118
6406	2392
6410	412
6411	99
6412	381
6413	37
6414	115
6415	804
6416	115
6420	849
6421	323
6422	226
6423	148
6424	60
6425	71
6426	91
6430	364
6431	78
6432	384
6433	323
6434	322
6435	372
6436	415
6440	434
6441	381
6442	1092
6443	1533
6444	381
6445	9
6446	1367
6450	422
6451	19
6452	746
6453	81
6454	373
6455	20
6456	433
6460	437
6461	62
6462	53
6463	226
6464	707
6465	697
6466	28
6470	226
6471	652
6472	2367
6473	454
6474	1367
6475	37
6476	70
6480	150
6481	1146
6482	32
6483	132
6484	47
6485	91
6486	373
6490	697
6491	19
6492	18
6493	50
6494	1367
6495	81
6496	652
6500	422
6501	56
6502	3129
6503	713
6504	61
6505	323
6506	697
6510	92
6511	115
6512	375
6513	65
6514	19
6515	390
6516	83
6520	3071
6521	148
6522	66
6523	346
6524	1680
6525	399
6526	7
6530	568
6531	127
6532	412
6533	2104
6534	148
6535	682
6540	710
6541	1533
6542	323
6543	1069
6544	264
6545	682
6546	422
6550	330
6551	422
6552	1829
6553	33
6554	37
6555	83
6556	1063
6560	28
6561	37
6562	412
6563	77
6564	53
6565	19
6566	755
6570	755
6571	102
6572	287
6573	81
6574	755
6575	1416
6576	353
6580	46
6581	746
6582	148
6583	888
6584	710
6585	91
6586	148
6590	395
6591	883
6592	415
6593	402
6594	654
6595	190
6596	817
6600	90
6601	37
6602	105
6603	226
6604	32
6605	375
6606	1367
6610	132
6611	427
6612	85
6613	261
6614	1063
6615	1558
6616	1269
6620	682
6621	18
6622	345
6623	18
6624	68
6625	1092
6626	354
6630	536
6631	1648
6632	135
6633	2581
6634	66
6635	91
6636	53
6640	342
6641	87
6642	217
6643	707
6644	679
6645	61
6646	921
6650	1533
6651	18
6652	2361
6653	884
6654	381
6655	81
6656	215
6660	52
6661	115
6662	391
6663	682
6664	90
6665	37
6666	1558
6670	1847
6671	345
6672	498
6673	697
6674	1507
6675	1269
6676	583
6680	679
6681	418
6682	70
6683	148
6684	427
6685	345
6686	53
6690	755
6691	148
6692	115
6693	115
6694	323
6695	90
6696	91
6700	78
6701	1533
6702	83
6703	2104
6704	422
6705	22
6706	373
6710	710
6711	1190
6712	150
6713	105
6714	39
6715	657
6716	61
6720	275
6721	135
6722	710
6723	375
6724	357
6725	1544
6726	357
6730	61
6731	148
6732	116
6733	710
6734	860
6735	52
6736	2190
6740	95
6741	679
6742	369
6743	1367
6744	345
6745	91
6746	390
6750	2581
6751	148
6752	2705
6753	751
6754	415
6755	32
6756	536
6760	61
6761	79
6762	47
6763	1367
6764	1558
6765	323
6766	343
6770	412
6771	2104
6772	309
6773	888
6774	97
6775	1558
6776	68
6780	710
6781	648
6782	437
6783	2104
6784	105
6785	442
6786	654
6790	78
6791	60
6792	442
6793	662
6794	931
6795	621
6796	375
6800	346
6801	2654
6802	33
6803	61
6804	1111
6805	755
6806	353
6810	755
6811	805
6812	708
6813	931
6814	18
6815	1474
6816	118
6820	83
6821	1327
6822	809
6823	354
6824	7
6825	46
6826	2713
6830	1558
6831	439
6832	1578
6833	702
6834	132
6835	1063
6836	53
6840	358
6841	375
6842	1111
6843	422
6844	679
6845	148
6846	275
6850	1514
6851	32
6852	427
6853	1508
6854	91
6855	758
6856	96
6860	105
6861	77
6862	99
6863	90
6864	81
6865	37
6866	415
6870	20
6871	755
6872	2581
6873	79
6874	2731
6875	758
6876	427
6880	85
6881	323
6882	60
6883	422
6884	427
6885	99
6890	79
6891	682
6892	211
6893	412
6894	1326
6895	390
6896	37
6900	148
6902	1533
6903	60
6904	418
6905	118
6906	20
6910	568
6911	755
6912	697
6913	91
6914	931
6915	32
6916	2713
6920	707
6921	682
6922	18
6923	264
6924	345
6925	427
6926	91
6930	53
6931	413
6932	1674
6933	755
6934	90
6935	422
6936	116
6940	345
6941	412
6942	18
6943	19
6944	226
6945	83
6946	710
6950	37
6951	148
6952	1558
6953	83
6954	697
6955	1367
6956	468
6960	383
6961	103
6962	1847
6963	226
6964	99
6965	369
6966	81
6970	61
6971	52
6972	90
6973	1287
6974	52
6975	407
6976	32
6980	755
6981	437
6982	648
6984	97
6985	1093
6986	424
6990	1093
6991	148
6992	116
6993	148
6994	864
6995	654
6996	148
7000	434
7001	103
7002	95
7003	1558
7004	39
7005	226
7006	375
7010	148
7011	2104
7012	323
7013	32
7014	91
7015	921
7016	115
7020	61
7021	817
7022	1367
7023	2616
7024	2190
7025	1086
7026	28
7030	2157
7031	555
7032	323
7033	416
7034	391
7035	104
7036	437
7040	1986
7041	1269
7042	55
7043	41
7044	1367
7045	382
7046	343
7050	433
7051	2904
7052	2511
7053	148
7054	20
7055	19
7056	68
7060	491
7061	55
7062	357
7063	132
7064	91
7065	32
7066	381
7070	434
7071	707
7072	422
7073	663
7074	52
7075	373
7076	91
7080	412
7081	422
7082	1567
7083	7
7084	148
7085	68
7086	226
7090	148
7091	755
7092	24
7093	146
7094	568
7095	679
7096	415
7100	148
7101	105
7102	70
7103	24
7104	671
7105	32
7106	284
7110	7
7111	570
7112	148
7113	91
7114	3136
7115	2392
7116	373
7120	68
7121	1042
7122	258
7123	373
7124	427
7125	1558
7126	115
7130	427
7131	427
7132	758
7133	81
7134	70
7135	1069
7136	972
7140	1514
7141	177
7142	323
7143	1146
7144	1152
7145	41
7146	258
7150	1558
7151	401
7152	323
7153	1367
7154	346
7155	53
7156	215
7160	90
7161	81
7162	18
7163	96
7164	148
7165	1567
7166	679
7170	1093
7171	91
7172	83
7173	1063
7174	427
7175	323
7176	68
7180	91
7181	81
7182	2104
7183	373
7184	755
7185	37
7186	1367
7190	1093
7191	1533
7192	217
7193	19
7194	90
7195	682
7196	746
7200	1558
7201	217
7202	68
7203	148
7204	391
7205	1092
7206	79
7210	3038
7211	32
7212	24
7213	116
7214	568
7215	96
7216	746
7221	33
7222	24
7223	1111
7224	1209
7225	148
7226	1063
7230	132
7231	1063
7232	81
7233	83
7234	931
7235	70
7236	2392
7240	323
7241	568
7242	427
7243	707
7244	395
7245	148
7246	931
7250	380
7251	91
7252	753
7253	7
7254	345
7255	652
7256	2827
7260	372
7261	81
7262	2651
7263	132
7264	3071
7265	1474
7266	81
7270	33
7271	2104
7272	32
7273	878
7274	68
7275	81
7276	148
7280	1508
7281	99
7282	19
7283	809
7284	921
7285	1558
7286	597
7290	682
7291	1213
7292	19
7293	412
7294	412
7295	148
7296	37
7300	7
7301	1514
7302	1063
7303	650
7304	190
7305	53
7306	707
7310	3071
7311	103
7312	505
7313	81
7314	24
7315	19
7316	746
7320	148
7321	345
7322	132
7323	343
7324	85
7325	415
7326	32
7330	70
7331	881
7332	29
7333	1567
7334	395
7335	68
7336	1768
7340	345
7341	70
7342	47
7343	91
7344	695
7345	415
7346	375
7350	1093
7351	3071
7352	148
7353	30
7354	102
7355	91
7356	19
7360	53
7361	568
7362	105
7363	652
7364	81
7365	20
7366	1111
7370	53
7371	19
7372	325
7373	3136
7374	32
7375	859
7376	70
7380	373
7381	70
7382	1146
7383	407
7384	68
7385	2190
7386	79
7390	1469
7391	536
7392	3038
7393	1558
7394	95
7395	422
7396	2392
7400	33
7401	19
7402	1320
7403	226
7404	679
7405	1326
7406	710
7410	90
7411	26
7412	652
7413	132
7414	19
7415	7
7416	7
7420	568
7421	37
7422	657
7423	132
7424	395
7425	264
7426	1456
7430	568
7431	384
7432	81
7433	90
7434	375
7435	117
7436	91
7440	18
7441	883
7442	78
7443	226
7444	2717
7445	1056
7446	115
7450	422
7451	37
7452	2729
7453	148
7454	763
7455	32
7456	95
7460	30
7461	427
7462	345
7463	652
7464	437
7465	1214
7466	395
7470	864
7471	710
7472	436
7473	809
7474	32
7475	710
7476	28
7480	83
7481	52
7482	809
7483	77
7484	696
7485	60
7486	226
7490	97
7491	851
7492	83
7493	1979
7494	2104
7495	85
7496	755
7500	1558
7501	755
7502	103
7503	226
7504	105
7505	353
7506	127
7510	1034
7511	883
7512	323
7513	427
7514	822
7515	102
7516	78
7520	81
7521	19
7522	37
7523	1093
7524	373
7525	369
7526	375
7530	20
7531	867
7532	1120
7533	1367
7534	91
7535	323
7536	226
7540	91
7541	1999
7542	146
7543	103
7544	710
7545	95
7546	66
7550	427
7551	931
7552	671
7553	53
7554	37
7555	375
7556	53
7560	132
7561	18
7562	2104
7563	2392
7564	2941
7565	68
7566	1367
7570	1514
7571	32
7572	132
7573	1558
7574	66
7575	32
7576	1034
7580	71
7581	20
7582	1367
7583	863
7584	682
7585	375
7586	459
7590	345
7591	150
7592	55
7593	323
7594	847
7595	652
7600	78
7601	19
7602	90
7603	1596
7604	85
7605	19
7606	422
7610	391
7611	148
7612	226
7613	415
7614	491
7615	53
7616	652
7620	345
7621	226
7622	83
7623	77
7624	32
7625	1474
7626	37
7630	38
7631	291
7632	657
7633	99
7634	150
7635	536
7636	3056
7640	427
7641	849
7642	1367
7643	28
7644	422
7645	91
7646	679
7650	28
7651	1533
7652	2581
7653	850
7654	395
7655	53
7656	1063
7660	1034
7661	679
7662	3062
7663	97
7664	1367
7665	353
7666	85
7670	275
7671	533
7672	1558
7673	37
7674	1558
7675	83
7676	437
7680	867
7681	442
7682	306
7683	343
7684	226
7685	379
7686	70
7690	345
7691	662
7692	81
7693	323
7694	375
7695	395
7696	148
7700	78
7701	931
7702	3062
7703	71
7704	498
7705	129
7706	427
7710	2392
7711	105
7712	60
7713	53
7714	18
7715	99
7716	657
7720	568
7721	1069
7722	226
7723	390
7724	91
7725	2190
7726	424
7730	654
7731	2151
7732	55
7733	148
7734	1069
7735	755
7736	442
7740	1367
7741	91
7742	702
7743	118
7744	395
7745	95
7746	437
7750	921
7751	1558
7752	146
7753	148
7754	77
7755	150
7756	707
7760	19
7761	71
7762	37
7763	570
7764	424
7765	427
7766	70
7770	1093
7771	37
7772	148
7773	70
7774	395
7775	710
7776	972
7780	132
7781	1508
7782	70
7783	660
7784	78
7785	322
7786	105
7790	146
7791	648
7792	83
7793	1330
7794	652
7795	395
7796	85
7800	867
7801	277
7802	65
7803	83
7804	710
7805	358
7806	32
7810	412
7811	146
7812	62
7813	353
7814	1533
7815	24
7816	1146
7820	710
7821	1461
7822	746
7823	658
7824	359
7825	146
7826	99
7830	70
7831	652
7832	505
7833	657
7834	1564
7835	148
7836	99
7840	864
7841	62
7842	146
7843	657
7844	1845
7845	358
7846	81
7850	85
7851	395
7852	61
7853	1786
7854	2729
7855	1567
7856	91
7860	697
7861	1514
7862	264
7863	1567
7864	148
7865	1799
7866	90
7870	654
7871	1326
7872	3071
7873	373
7874	395
7875	32
7876	682
7880	53
7881	427
7882	433
7883	2104
7884	491
7885	2151
7886	148
7890	78
7891	33
7892	19
7893	90
7894	61
7895	422
7896	1456
7900	375
7901	2104
7902	33
7903	679
7904	148
7905	375
7906	422
7910	437
7911	1063
7912	345
7913	127
7914	217
7915	7
7916	33
7920	99
7921	1069
7922	148
7923	148
7924	53
7925	90
7926	323
7930	32
7931	55
7932	2581
7933	19
7934	91
7935	437
7936	972
7940	568
7941	381
7942	391
7943	85
7944	863
7945	3156
7946	2713
7950	148
7951	20
7952	427
7953	654
7954	2843
7955	19
7956	568
7960	457
7961	468
7962	22
7963	29
7964	1558
7965	1367
7966	1558
7970	1533
7971	1367
7972	133
7973	454
7974	115
7975	68
7976	19
7980	52
7981	1367
7982	81
7983	383
7984	375
7985	657
7986	381
7990	498
7991	1533
7992	1215
7993	424
7994	1567
7995	568
7996	90
8000	343
8001	751
8002	468
8003	81
8004	1567
8005	32
8006	18
8010	91
8011	19
8012	3071
8014	19
8015	47
8016	697
8020	61
8021	148
8022	1786
8023	103
8024	1063
8025	864
8026	1234
8030	91
8031	323
8032	148
8033	1326
8034	416
8035	320
8036	1991
8040	568
8041	1979
8042	115
8043	53
8044	755
8045	1558
8046	53
8050	105
8051	19
8052	3136
8053	354
8054	323
8055	710
8056	2392
8060	115
8061	150
8062	258
8063	91
8064	1092
8065	148
8066	83
8070	81
8071	751
8072	148
8073	1474
8074	91
8075	105
8076	381
8080	1190
8081	103
8082	323
8083	1367
8084	91
8085	32
8086	568
8090	1552
8091	19
8092	102
8093	710
8094	1327
8095	150
8096	710
8100	568
8101	710
8102	91
8103	346
8104	53
8105	568
8106	1514
8110	148
8111	427
8112	1215
8113	972
8114	81
8115	1080
8116	1548
8120	53
8121	2392
8122	568
8123	394
8124	442
8125	96
8126	32
8130	148
8131	3096
8132	1367
8133	108
8134	1799
8135	1456
8136	682
8140	710
8141	381
8142	19
8143	226
8144	331
8145	2245
8146	358
8150	2895
8151	399
8152	1514
8153	809
8154	99
8155	81
8156	2392
8160	52
8161	343
8162	751
8163	652
8164	702
8165	81
8166	36
8170	695
8171	370
8172	568
8173	261
8174	1111
8175	53
8176	81
8180	150
8181	1533
8182	105
8183	648
8184	92
8185	427
8186	91
8190	2668
8191	679
8192	1514
8193	1367
8194	375
8195	2151
8196	1326
8200	353
8201	1814
8202	931
8203	70
8204	478
8205	37
8206	132
8210	226
8211	78
8212	105
8213	148
8214	323
8215	343
8216	2581
8220	427
8221	699
8222	1063
8223	384
8224	422
8225	657
8226	568
8230	91
8231	345
8232	81
8233	2104
8234	148
8235	1548
8236	746
8240	358
8241	91
8242	70
8243	345
8244	81
8245	375
8246	3155
8250	241
8251	150
8252	652
8253	1845
8254	368
8255	566
8256	226
8261	148
8262	129
8263	746
8264	19
8265	597
8266	437
8270	427
8271	91
8272	707
8273	264
8274	148
8275	91
8276	148
8280	18
8281	1558
8282	20
8283	2780
8284	439
8285	118
8286	422
8290	61
8291	1327
8292	24
8293	1558
8294	190
8295	85
8296	90
8300	931
8301	662
8302	148
8303	79
8304	358
8305	99
8306	381
8310	682
8311	32
8312	412
8313	528
8314	53
8315	323
8316	391
8320	358
8321	19
8322	2359
8323	81
8324	19
8325	755
8326	37
8330	528
8331	1367
8332	81
8333	652
8334	52
8335	81
8336	91
8340	66
8341	2904
8342	46
8343	1063
8344	1539
8345	103
8346	415
8350	1433
8351	37
8352	148
8353	427
8354	1367
8355	81
8356	60
8360	3129
8361	657
8362	37
8363	1367
8364	24
8365	39
8366	32
8370	437
8371	809
8372	32
8373	708
8374	710
8375	226
8376	2392
8380	66
8381	345
8382	422
8383	657
8384	1558
8385	19
8386	755
8390	53
8391	95
8392	381
8393	1063
8394	422
8395	648
8396	755
8400	2665
8401	79
8402	324
8403	394
8404	888
8405	1092
8406	931
8410	18
8411	102
8412	148
8413	71
8414	809
8415	70
8416	28
8420	2668
8421	1514
8422	103
8423	148
8424	148
8425	19
8426	354
8430	97
8431	570
8432	679
8433	246
8434	148
8435	888
8436	1326
8440	53
8441	395
8442	394
8443	102
8444	427
8445	849
8446	99
8450	127
8451	19
8452	61
8453	18
8454	246
8455	2392
8456	226
8460	809
8461	652
8462	654
8463	1558
8464	103
8465	132
8466	277
8470	37
8471	246
8472	2104
8473	2617
8474	2392
8475	1491
8476	1171
8480	468
8481	91
8482	427
8483	53
8484	755
8485	370
8486	368
8490	53
8491	61
8492	1367
8493	454
8494	148
8495	697
8496	19
8500	284
8501	368
8502	32
8503	33
8504	682
8505	926
8506	148
8510	79
8511	19
8512	1514
8513	277
8514	91
8515	1680
8516	1680
8520	809
8521	383
8522	60
8523	103
8524	61
8525	615
8526	437
8530	1326
8531	148
8532	132
8533	454
8534	657
8535	19
8536	37
8540	2581
8541	71
8542	127
8543	710
8544	108
8545	679
8546	710
8550	32
8551	697
8552	105
8553	323
8554	53
8555	598
8556	1558
8560	95
8561	323
8562	395
8563	148
8564	70
8565	50
8566	81
8570	710
8571	682
8572	1786
8573	91
8574	89
8575	1474
8576	148
8580	381
8581	637
8582	148
8583	1596
8584	2151
8585	381
8586	373
8590	1514
8591	375
8592	707
8593	19
8594	381
8595	81
8596	85
8610	81
8611	682
8612	345
8613	97
8614	3280
8615	369
8616	2713
8620	61
8621	790
8622	536
8623	50
8624	32
8625	91
8626	91
8630	69
8631	679
8632	90
8633	2104
8634	468
8635	148
8636	652
8640	1093
8641	313
8642	2904
8643	707
8644	1418
8645	343
8646	148
8650	1558
8651	657
8652	1558
8653	345
8654	536
8655	97
8656	323
8660	2104
8661	568
8662	91
8663	102
8664	1367
8665	1326
8666	702
8670	345
8671	7
8672	380
8673	83
8674	19
8675	148
8676	2844
8680	81
8681	52
8682	2104
8683	357
8684	90
8685	53
8686	68
8690	498
8691	323
8692	422
8693	693
8694	103
8695	264
8696	53
8700	583
8701	1847
8702	375
8703	277
8704	217
8705	1564
8706	1098
8710	1093
8711	1150
8712	682
8713	654
8714	132
8715	682
8716	831
8720	751
8721	1847
8722	81
8723	805
8724	37
8725	602
8726	345
8730	69
8731	150
8732	358
8733	427
8734	70
8735	1558
8736	568
8740	19
8741	264
8742	68
8743	61
8744	81
8745	498
8746	275
8750	888
8751	2104
8752	85
8753	1367
8754	419
8755	103
8756	1063
8760	53
8761	66
8762	132
8763	71
8764	18
8765	148
8766	55
8770	1034
8771	1922
8772	81
8773	699
8774	309
8775	345
8776	85
8780	323
8781	657
8782	70
8783	105
8784	454
8785	536
8786	931
8790	1069
8791	95
8792	148
8793	345
8794	91
8795	17
8796	61
8800	60
8801	19
8802	19
8803	226
8804	28
8805	148
8806	931
8810	697
8811	437
8812	1146
8813	427
8814	422
8815	81
8816	568
8820	220
8821	427
8822	707
8823	568
8824	81
8825	24
8826	91
8830	66
8831	258
8832	81
8833	90
8834	32
8835	625
8836	395
8840	132
8841	91
8842	1215
8843	2104
8844	755
8845	1098
8846	177
8850	1093
8851	325
8852	345
8853	92
8854	1680
8855	427
8856	81
8860	1598
8861	2104
8862	1326
8863	29
8864	468
8865	1986
8866	1112
8870	91
8871	1327
8872	226
8873	427
8874	81
8875	1367
8876	323
8880	583
8881	91
8882	1063
8883	755
8884	1453
8885	24
8886	92
8890	368
8891	750
8892	37
8893	53
8894	148
8895	115
8896	68
8900	353
8901	81
8902	148
8903	3106
8904	37
8905	323
8906	61
8910	148
8911	1367
8912	19
8913	24
8914	33
8915	758
8916	663
8920	2668
8921	1146
8922	568
8923	132
8924	24
8925	353
8926	1474
8930	91
8931	65
8932	426
8933	1558
8934	1063
8935	345
8936	657
8940	364
8941	710
8942	437
8943	1845
8944	1315
8945	81
8946	2904
8950	345
8951	52
8952	357
8953	133
8954	32
8955	18
8956	710
8960	2013
8961	427
8962	2104
8963	68
8964	427
8965	2581
8966	427
8970	81
8971	60
8972	1194
8973	353
8974	416
8975	1491
8976	390
8980	53
8981	99
8982	132
8983	19
8984	91
8985	415
8986	53
8990	53
8991	148
8992	1578
8993	52
8994	151
8995	738
8996	37
9000	90
9001	931
9002	395
9003	103
9004	358
9005	28
9006	217
9010	657
9011	83
9012	217
9013	1146
9014	3136
9015	437
9016	863
9020	373
9021	116
9022	37
9023	1979
9024	2308
9025	53
9026	81
9030	381
9031	1367
9032	702
9033	751
9034	118
9035	148
9036	373
9040	755
9041	323
9042	148
9043	863
9044	226
9045	129
9046	3062
9050	95
9051	1481
9052	751
9053	61
9054	105
9055	53
9056	53
9060	1150
9061	434
9062	66
9063	55
9064	275
9065	1410
9066	931
9070	2668
9071	32
9072	127
9073	427
9074	127
9075	1680
9076	81
9080	1847
9081	427
9082	888
9083	148
9084	422
9085	391
9086	82
9090	568
9091	652
9092	2721
9093	20
9094	755
9095	375
9096	66
9100	91
9101	148
9102	2581
9103	422
9104	422
9105	710
9106	652
9110	115
9111	702
9112	697
9113	468
9114	1558
9115	10
9116	390
9120	528
9121	1567
9122	61
9123	373
9124	20
9125	215
9126	91
9130	870
9131	1831
9132	258
9133	888
9134	33
9135	671
9136	1063
9140	1063
9141	1558
9142	394
9143	415
9144	24
9145	671
9146	20
9150	865
9151	437
9152	3071
9153	3038
9154	90
9155	90
9156	422
9160	83
9161	1533
9162	568
9163	19
9164	99
9165	568
9166	2392
9170	211
9171	135
9172	391
9173	1146
9174	148
9175	1146
9176	53
9180	345
9181	85
9182	682
9183	615
9184	710
9185	1558
9186	682
9190	345
9191	415
9192	375
9193	1514
9194	755
9195	2015
9196	679
9200	345
9201	1367
9202	568
9203	2104
9204	148
9205	32
9206	697
9210	2392
9211	37
9212	751
9213	90
9214	103
9215	427
9216	381
9220	52
9221	1643
9222	427
9223	148
9224	755
9225	364
9226	226
9230	427
9231	148
9232	90
9233	1680
9234	61
9235	1367
9236	972
9240	656
9241	381
9242	70
9243	83
9244	345
9245	710
9246	66
9250	437
9251	37
9252	657
9253	343
9254	2581
9255	2104
9256	20
9260	103
9261	71
9262	439
9263	354
9264	24
9265	708
9266	1558
9270	52
9271	105
9272	427
9273	19
9274	32
9275	20
9276	652
9280	679
9281	103
9282	460
9283	1152
9284	437
9285	679
9286	654
9290	1093
9291	2581
9292	38
9294	29
9295	1558
9296	373
9300	364
9301	1845
9302	20
9303	568
9304	291
9305	71
9306	105
9310	148
9311	412
9312	91
9313	83
9314	90
9315	177
9316	1367
9320	652
9321	1845
9322	568
9323	1287
9324	2230
9325	83
9326	422
9330	384
9331	150
9332	648
9333	390
9334	53
9335	91
9336	921
9340	78
9341	1558
9342	91
9343	3062
9344	68
9345	7
9346	637
9350	66
9351	1367
9352	751
9353	91
9354	568
9355	1367
9356	650
9360	81
9361	422
9362	61
9363	1367
9364	1461
9365	710
9366	92
9370	422
9371	105
9372	91
9373	436
9374	1215
9375	66
9376	92
9380	2581
9381	91
9382	2780
9383	53
9384	364
9385	491
9386	146
9390	61
9391	81
9392	68
9393	358
9394	1799
9395	83
9396	2392
9400	7
9401	422
9402	2213
9403	24
9404	20
9405	148
9406	625
9410	53
9411	53
9412	381
9413	381
9414	24
9415	931
9416	20
9420	1077
9421	382
9422	70
9423	80
9424	415
9425	555
9426	29
9430	427
9431	707
9432	20
9433	436
9434	1063
9435	469
9436	146
9440	391
9441	1514
9442	1877
9443	707
9444	127
9445	320
9446	275
9450	85
9451	1367
9452	105
9453	427
9454	583
9455	81
9456	323
9460	751
9461	91
9462	129
9463	92
9464	148
9465	2796
9466	804
9470	652
9471	422
9472	1069
9473	1680
9474	1548
9475	146
9476	55
9480	710
9481	679
9482	528
9483	1847
9484	863
9485	1986
9486	81
9490	117
9491	99
9492	135
9493	83
9494	55
9495	32
9496	47
9500	373
9501	805
9502	87
9503	2245
9504	92
9506	710
9510	1093
9511	867
9513	1845
9514	1461
9515	1799
9516	146
9520	1367
9521	261
9522	1063
9523	2104
9524	391
9525	52
9526	275
9530	468
9531	81
9532	354
9533	682
9534	320
9535	1567
9536	2104
9540	412
9541	394
9542	751
9543	52
9544	427
9545	682
9546	19
9550	931
9551	62
9552	37
9553	3163
9554	888
9555	61
9556	91
9560	657
9561	442
9562	79
9563	358
9564	1367
9565	383
9566	1680
9570	83
9571	375
9572	637
9574	657
9575	2157
9576	53
9580	442
9581	2104
9582	536
9583	422
9584	1069
9585	1269
9586	1541
9590	264
9591	284
9592	755
9593	47
9594	682
9595	7
9596	1564
9600	99
9601	746
9602	2581
9603	345
9604	53
9605	568
9606	83
9610	81
9611	427
9612	284
9613	132
9614	710
9615	2391
9616	2104
9620	1552
9621	2581
9622	422
9623	103
9624	146
9625	52
9626	972
9630	382
9631	710
9632	77
9633	68
9634	864
9635	323
9636	19
9640	755
9641	597
9642	392
9643	105
9644	860
9645	19
9646	2104
9650	697
9651	468
9652	809
9653	1558
9654	755
9655	18
9656	415
9660	151
9661	746
9662	654
9663	99
9664	568
9665	395
9666	615
9670	323
9671	53
9672	931
9673	32
9674	53
9675	364
9676	24
9680	438
9681	1315
9682	422
9683	19
9684	118
9685	19
9686	358
9690	115
9691	1367
9692	85
9693	226
9694	148
9695	284
9696	375
9700	1533
9701	323
9702	99
9703	2151
9704	190
9705	66
9706	817
9710	81
9711	3129
9712	555
9713	20
9714	345
9715	32
9716	28
9720	364
9721	53
9722	1082
9723	83
9724	710
9725	53
9726	1474
9730	99
9731	53
9732	1680
9733	436
9734	755
9735	37
9736	115
9740	358
9741	97
9742	91
9743	444
9744	708
9745	2190
9746	275
9750	1263
9751	37
9752	32
9753	87
9754	78
9755	148
9756	710
9760	568
9761	415
9762	18
9763	91
9764	568
9765	148
9766	491
9770	2713
9771	1594
9772	37
9773	90
9774	151
9775	597
9776	755
9780	148
9781	536
9782	2247
9783	91
9784	100
9785	364
9786	53
9790	323
9791	7
9792	478
9793	53
9794	226
9795	568
9796	343
9800	103
9801	85
9802	648
9803	710
9804	53
9805	648
9806	710
9810	1367
9811	19
9812	66
9813	116
9814	146
9815	1537
9816	2392
9820	148
9821	91
9822	597
9823	436
9824	1558
9825	61
9826	1544
9830	381
9831	1847
9832	7
9833	1063
9834	146
9835	83
9836	375
9840	148
9841	422
9842	148
9843	322
9844	422
9845	375
9846	91
9850	78
9851	443
9852	1367
9853	885
9854	52
9855	85
9856	532
9860	103
9861	81
9862	37
9863	89
9864	246
9865	19
9866	424
9870	1469
9871	442
9872	652
9873	746
9874	2104
9875	1474
9876	91
9880	356
9881	422
9882	746
9883	148
9884	91
9885	148
9886	66
9890	284
9891	19
9892	24
9893	148
9894	1326
9895	68
9896	118
9900	395
9901	323
9902	412
9903	32
9904	412
9905	345
9906	442
9910	37
9911	323
9912	78
9913	710
9914	1164
9915	20
9916	1421
9920	146
9921	809
9922	2104
9923	442
9924	415
9925	1845
9926	177
9930	81
9931	468
9932	358
9933	1348
9934	395
9935	96
9936	116
9940	345
9941	381
9942	1063
9943	422
9944	693
9945	115
9946	52
9950	79
9951	3189
9952	427
9953	105
9954	427
9955	648
9956	373
9960	66
9961	70
9962	83
9963	648
9964	100
9965	32
9966	32
9970	765
9971	353
9972	374
9973	346
9974	18
9975	32
9976	55
9980	91
9981	369
9982	258
9983	679
9984	99
9985	375
9986	87
9990	1241
9991	211
9992	1567
9993	38
9994	24
9995	384
9996	817
10000	3136
10001	61
10002	568
10003	533
10004	505
10005	146
10006	17
10010	146
10011	24
10012	28
10013	2581
10014	395
10015	422
10016	32
10020	90
10021	2581
10022	91
10023	1680
10024	68
10025	375
10026	682
10030	454
10031	1845
10032	926
10033	32
10034	2713
10035	323
10036	91
10040	115
10041	837
10042	91
10043	83
10044	102
10045	90
10046	19
10050	148
10051	148
10052	343
10053	696
10054	52
10055	375
10056	1507
10060	330
10061	83
10062	1558
10063	19
10064	264
10065	70
10066	19
10070	323
10071	381
10072	19
10073	657
10074	1146
10075	32
10076	99
10080	697
10081	19
10082	103
10083	394
10084	1491
10085	53
10086	395
10090	468
10091	226
10092	621
10093	394
10094	2434
10095	373
10096	146
10100	1578
10101	682
10102	19
10103	860
10104	682
10105	132
10106	710
10110	437
10111	91
10112	755
10113	381
10114	1768
10115	427
10116	20
10120	437
10121	53
10122	148
10123	148
10124	2581
10125	422
10126	422
10130	1558
10131	323
10132	115
10133	81
10134	422
10135	1326
10136	264
10140	132
10141	148
10142	53
10143	91
10144	132
10145	1558
10146	697
10150	91
10151	323
10152	91
10153	1367
10154	419
10155	226
10156	53
10160	469
10161	226
10162	66
10163	18
10164	132
10165	52
10166	375
10170	863
10171	682
10172	1367
10173	41
10174	1548
10175	2392
10176	20
10180	751
10181	37
10182	115
10183	353
10184	52
10185	52
10186	85
10190	53
10191	746
10192	568
10193	602
10194	427
10195	28
10196	81
10200	345
10201	148
10202	755
10203	28
10204	1680
10205	19
10206	1558
10210	345
10211	654
10212	99
10213	148
10214	103
10215	358
10216	65
10220	81
10221	1786
10222	1439
10223	708
10224	148
10225	129
10226	277
10230	478
10231	422
10232	648
10233	17
10234	18
10235	17
10236	20
10240	2668
10241	528
10242	91
10243	95
10244	33
10245	1843
10246	81
10250	90
10251	433
10252	52
10253	10
10254	1326
10255	2104
10256	437
10260	1461
10261	61
10262	81
10263	559
10264	226
10265	90
10266	415
10270	7
10271	1514
10272	346
10273	422
10274	37
10275	83
10276	99
10280	755
10281	343
10282	505
10283	3038
10284	37
10285	2104
10286	473
10290	1558
10291	148
10292	81
10293	682
10294	2034
10295	68
10296	1367
10300	81
10301	568
10302	2039
10303	427
10304	18
10305	1558
10306	343
10310	1548
10311	707
10312	78
10313	433
10314	1063
10315	1847
10316	1063
10320	52
10321	115
10322	3038
10323	354
10324	343
10325	345
10326	755
10330	19
10331	148
10332	357
10333	148
10334	1367
10335	682
10336	116
10340	1164
10341	116
10342	1885
10343	345
10344	99
10345	2780
10346	442
10350	148
10351	412
10352	92
10353	415
10354	85
10355	566
10356	118
10360	2104
10361	230
10362	1326
10363	654
10364	81
10365	61
10366	817
10370	3080
10371	1367
10372	817
10373	62
10374	888
10375	55
10376	710
10380	1533
10381	437
10382	53
10383	468
10384	37
10385	148
10386	1768
10390	151
10391	422
10392	375
10393	66
10394	78
10395	81
10396	568
10400	437
10401	2104
10402	7
10403	637
10404	422
10405	1367
10406	83
10410	91
10411	19
10412	381
10413	2151
10414	103
10415	132
10416	1558
10420	395
10421	1241
10422	415
10423	353
10424	395
10425	864
10426	1514
10430	755
10431	1327
10432	53
10433	83
10434	395
10435	96
10436	85
10440	83
10441	652
10442	83
10443	275
10444	2104
10445	275
10446	148
10450	148
10451	751
10452	399
10453	657
10454	52
10455	81
10456	427
10460	443
10461	657
10462	682
10463	568
10464	91
10465	652
10466	755
10470	291
10471	62
10472	102
10473	66
10474	817
10475	65
10476	615
10480	66
10481	817
10482	150
10483	1999
10484	70
10485	368
10486	32
10490	52
10491	755
10492	1367
10493	1680
10494	53
10495	1097
10496	85
10500	37
10501	88
10502	412
10503	53
10504	755
10505	375
10506	381
10510	226
10511	1093
10512	133
10513	52
10514	708
10515	7
10516	91
10520	1367
10521	1146
10522	146
10523	132
10524	427
10525	707
10526	32
10530	415
10531	1847
10532	103
10533	817
10534	2829
10535	148
10536	28
10540	568
10541	33
10542	24
10543	102
10544	1063
10545	1367
10546	746
10550	117
10551	1815
10552	132
10553	710
10554	437
10555	52
10556	148
10560	92
10561	38
10562	68
10563	648
10564	148
10565	2796
10566	91
10570	18
10571	323
10572	555
10573	926
10574	3038
10575	663
10576	568
10580	1469
10581	148
10582	710
10583	1215
10584	264
10585	345
10586	1215
10590	568
10591	710
10592	103
10593	97
10594	353
10595	2104
10596	275
10600	90
10601	62
10602	454
10603	2581
10604	24
10605	226
10606	115
10610	85
10611	53
10612	437
10613	1558
10614	38
10615	53
10616	373
10620	697
10621	648
10622	1315
10623	37
10624	702
10625	53
10626	364
10630	291
10631	19
10632	115
10633	17
10634	682
10635	32
10636	395
10640	60
10641	345
10642	412
10643	415
10644	2392
10645	1367
10646	1808
10650	1533
10651	324
10652	323
10653	755
10654	395
10655	105
10656	19
10660	99
10661	2581
10662	427
10663	151
10664	662
10665	32
10666	682
10670	79
10671	555
10672	28
10673	931
10674	18
10675	37
10676	353
10680	657
10681	682
10682	437
10683	2104
10684	1807
10685	921
10686	925
10690	1461
10691	1421
10692	1680
10693	657
10694	19
10695	2668
10696	323
10700	1069
10701	3056
10702	2581
10703	90
10704	52
10705	3136
10706	275
10710	422
10711	1047
10712	148
10713	81
10714	129
10715	1367
10716	707
10720	103
10721	437
10722	62
10723	888
10724	696
10725	652
10726	1269
10730	568
10731	1214
10732	2573
10733	1474
10734	103
10735	710
10736	1799
10740	381
10741	115
10742	32
10743	91
10744	102
10745	85
10746	2581
10750	364
10751	567
10752	1970
10753	2581
10754	710
10755	345
10756	1367
10760	3071
10761	931
10762	61
10763	68
10764	148
10765	682
10766	24
10770	18
10771	652
10772	91
10773	19
10774	648
10775	105
10776	1799
10780	682
10781	382
10782	345
10783	2581
10784	70
10785	860
10786	2581
10790	710
10791	34
10792	323
10793	682
10794	1491
10795	1986
10796	345
10800	2668
10801	78
10802	323
10803	437
10804	275
10805	446
10806	972
10810	412
10811	331
10812	536
10813	37
10814	345
10815	734
10816	79
10820	1367
10821	427
10822	1558
10823	391
10824	37
10825	65
10826	457
10830	66
10831	32
10832	439
10833	18
10834	146
10835	37
10836	415
10840	679
10841	95
10842	657
10843	427
10844	20
10845	53
10846	2581
10850	2104
10851	468
10852	19
10853	1548
10854	53
10855	19
10856	357
10860	867
10861	313
10862	258
10863	1544
10864	89
10865	28
10866	53
10870	2581
10871	648
10872	1461
10873	132
10874	1367
10875	95
10876	437
10880	710
10881	755
10882	83
10883	24
10884	148
10885	2151
10886	1845
10890	135
10891	442
10892	132
10893	24
10894	52
10895	710
10896	561
10900	710
10901	19
10902	90
10903	416
10904	1326
10905	337
10906	1080
10910	148
10911	92
10912	211
10913	345
10914	151
10915	61
10916	177
10920	52
10921	226
10922	99
10923	158
10924	931
10925	710
10926	1694
10930	412
10931	150
10932	7
10933	53
10934	427
10935	657
10936	148
10940	70
10941	1093
10942	91
10943	375
10944	91
10945	567
10946	373
10950	32
10951	679
10952	660
10953	394
10954	148
10955	1093
10956	24
10960	395
10961	133
10962	755
10963	91
10964	1367
10965	561
10966	85
10970	102
10971	60
10972	413
10973	422
10974	625
10975	1461
10976	3204
10980	53
10981	697
10982	1491
10983	682
10984	96
10985	1558
10986	2668
10990	3136
10991	275
10992	52
10993	47
10994	345
10995	83
10996	2211
11000	37
11001	353
11002	422
11003	1845
11004	345
11005	478
11006	60
11010	437
11011	697
11012	422
11013	132
11014	39
11015	652
11016	454
11020	395
11021	454
11022	132
11023	3071
11024	413
11025	37
11026	657
11030	682
11031	345
11032	18
11033	246
11034	96
11035	422
11036	427
11040	92
11041	53
11042	53
11043	407
11044	1564
11045	32
11046	1671
11050	91
11051	1269
11052	148
11053	18
11054	91
11055	37
11056	1092
11060	148
11061	91
11062	1171
11063	1367
11064	3204
11065	1564
11066	165
11070	81
11071	148
11072	817
11073	412
11074	81
11075	172
11076	1514
11080	657
11081	115
11082	148
11083	164
11084	66
11085	323
11086	78
11090	345
11091	433
11092	71
11093	3062
11094	755
11095	353
11096	108
11100	323
11101	258
11102	85
11103	102
11104	81
11105	19
11106	264
11110	3071
11111	1215
11112	68
11113	91
11114	1567
11115	53
11116	437
11120	375
11121	1367
11122	707
11123	61
11124	755
11125	440
11126	652
11130	19
11131	1241
11132	83
11133	422
11134	1558
11135	18
11136	1234
11140	568
11141	1533
11142	1146
11143	10
11144	148
11145	32
11146	55
11150	1146
11151	91
11152	226
11153	427
11154	323
11155	32
11156	568
11160	1548
11161	381
11162	528
11163	642
11164	148
11165	568
11166	2172
11170	2581
11171	1558
11172	746
11173	53
11174	81
11175	369
11176	2392
11180	127
11181	657
11182	422
11183	1567
11184	32
11185	32
11186	710
11190	921
11191	78
11192	1069
11193	2104
11194	275
11195	345
11196	679
11200	443
11201	568
11202	682
11203	177
11204	375
11205	864
11206	1474
11210	226
11211	275
11212	32
11213	148
11214	148
11215	91
11216	561
11220	96
11221	211
11222	2104
11223	555
11224	2104
11225	394
11226	1111
11230	345
11231	1508
11232	415
11233	952
11234	1558
11235	346
11236	1367
11240	1539
11241	37
11242	1367
11243	323
11244	346
11245	19
11246	662
11250	1558
11251	132
11252	412
11253	1533
11254	82
11255	663
11256	422
11260	151
11261	657
11262	102
11263	375
11264	148
11265	66
11266	439
11270	422
11271	1643
11272	53
11273	323
11274	1327
11275	2796
11276	24
11280	567
11281	47
11282	345
11283	323
11284	61
11285	18
11286	164
11290	69
11291	570
11292	32
11293	399
11294	85
11295	105
11296	61
11300	1533
11301	66
11302	132
11303	148
11304	358
11305	733
11306	7
11310	436
11311	758
11312	679
11313	437
11314	323
11315	707
11316	710
11320	115
11321	133
11322	1327
11323	422
11324	18
11325	2581
11326	83
11330	422
11331	3038
11332	91
11333	33
11334	926
11335	53
11336	443
11340	132
11341	61
11342	298
11343	102
11344	395
11345	702
11346	809
11350	148
11351	1326
11352	91
11353	115
11354	19
11355	329
11356	148
11360	82
11361	364
11362	83
11363	364
11364	2581
11365	19
11366	597
11370	1618
11371	2247
11372	91
11373	148
11374	158
11375	83
11376	99
11380	81
11381	1063
11382	1234
11383	261
11384	1063
11385	568
11386	61
11390	433
11391	364
11392	20
11393	291
11394	1215
11395	568
11396	1456
11400	148
11401	926
11402	37
11403	375
11404	20
11405	18
11406	746
11410	148
11411	91
11412	454
11413	91
11414	859
11415	329
11416	17
11420	682
11421	99
11422	1146
11423	148
11424	654
11425	19
11426	37
11430	91
11431	261
11432	246
11433	226
11434	68
11435	7
11436	436
11440	2104
11441	81
11442	2392
11443	29
11444	70
11445	468
11446	53
11450	151
11451	1558
11452	323
11453	427
11454	381
11455	217
11456	345
11460	28
11461	1093
11462	2157
11463	1069
11464	220
11465	662
11466	148
11470	103
11471	1287
11472	61
11473	32
11474	78
11475	373
11476	32
11480	117
11481	1552
11482	32
11483	275
11484	864
11485	1092
11486	802
11490	91
11491	7
11492	91
11493	1999
11494	415
11495	468
11496	2581
11500	148
11501	85
11502	1671
11503	53
11504	95
11505	32
11506	32
11510	115
11511	1190
11512	19
11513	888
11514	32
11515	652
11516	148
11520	1799
11521	52
11522	413
11523	66
11524	81
11525	115
11526	468
11530	68
11531	1146
11532	1063
11533	99
11534	99
11535	358
11536	1086
11540	415
11541	91
11542	817
11543	323
11544	68
11545	24
11546	1367
11550	79
11551	258
11552	19
11553	38
11554	18
11555	1474
11556	61
11560	1348
11561	1845
11562	805
11563	358
11564	68
11565	226
11566	68
11570	148
11571	433
11572	85
11573	568
11574	81
11575	867
11576	61
11580	436
11581	132
11582	1326
11583	85
11584	1986
11585	103
11586	1326
11590	53
11591	91
11592	422
11593	422
11594	53
11595	91
11596	83
11600	1077
11601	148
11602	657
11603	324
11604	68
11605	7
11606	2923
11610	2104
11611	148
11612	19
11613	1671
11614	53
11615	1680
11616	28
11620	87
11621	353
11622	390
11623	2039
11624	32
11625	2780
11626	1171
11630	1367
11631	52
11632	25
11633	437
11634	148
11635	433
11636	382
11640	91
11641	105
11642	1831
11643	91
11644	424
11645	682
11646	108
11650	82
11651	682
11652	53
11653	1438
11654	1152
11655	14
11656	755
11660	70
11661	345
11662	323
11663	1149
11664	85
11665	53
11666	2392
11670	710
11671	357
11672	275
11673	81
11674	2190
11675	25
11676	710
11680	434
11681	1558
11682	702
11683	2392
11684	817
11685	95
11686	865
11690	3080
11691	81
11692	1093
11693	52
11694	395
11695	422
11696	91
11700	682
11701	135
11702	654
11703	115
11704	2104
11705	358
11706	422
11710	433
11711	105
11712	85
11713	32
11714	860
11715	103
11716	2581
11720	1830
11721	61
11722	427
11723	427
11724	47
11725	226
11726	20
11730	291
11731	18
11732	19
11733	148
11734	345
11735	733
11736	52
11740	652
11741	115
11742	85
11743	437
11744	81
11745	375
11746	99
11750	226
11751	103
11752	2104
11753	28
11754	439
11755	567
11756	275
11760	751
11761	3071
11762	1170
11763	1234
11764	412
11765	226
11766	99
11770	995
11771	710
11772	375
11773	32
11774	1885
11775	41
11776	568
11780	3071
11781	90
11782	427
11783	1845
11784	18
11785	682
11786	510
11790	32
11791	61
11792	127
11793	395
11794	2773
11795	468
11796	19
11800	95
11801	148
11802	135
11803	226
11804	2151
11805	91
11806	78
11810	53
11811	437
11812	345
11813	47
11814	103
11815	52
11816	702
11820	437
11821	413
11822	679
11823	1103
11824	55
11825	561
11826	817
11830	127
11831	115
11832	652
11833	1558
11834	148
11835	148
11836	83
11840	226
11841	437
11842	258
11843	91
11844	468
11845	91
11846	105
11850	91
11851	1214
11852	1845
11853	85
11854	568
11855	422
11856	710
11860	710
11861	20
11862	888
11863	103
11864	91
11865	368
11866	148
11870	415
11871	436
11872	105
11873	41
11874	95
11875	375
11876	710
11880	79
11881	652
11882	867
11883	38
11884	103
11885	2104
11886	104
11890	77
11891	258
11892	427
11893	32
11894	19
11895	1558
11896	654
11900	422
11901	2104
11902	117
11903	226
11904	47
11905	20
11906	375
11910	53
11911	710
11912	437
11913	88
11914	7
11915	1558
11916	1315
11920	1367
11921	2026
11922	888
11923	415
11924	1146
11925	68
11926	177
11930	710
11931	345
11932	91
11933	1847
11934	55
11935	60
11936	81
11940	61
11941	679
11942	345
11943	81
11944	91
11945	422
11946	682
11950	345
11951	372
11952	1367
11953	52
11954	81
11955	2361
11956	323
11960	37
11961	19
11962	81
11963	132
11964	52
11965	637
11966	662
11970	710
11971	1508
11972	751
11973	817
11974	83
11975	1326
11976	70
11980	19
11981	658
11982	2581
11983	1474
11984	468
11985	473
11986	1558
11990	383
11991	1367
11992	91
11994	81
11995	422
11996	226
12000	697
12001	682
12002	628
12003	654
12004	97
12005	148
12006	101
12010	2668
12011	2581
12012	91
12013	1326
12014	437
12015	32
12016	2668
12020	37
12021	427
12022	81
12023	121
12024	132
12025	2375
12026	422
12030	755
12031	1533
12032	538
12033	85
12034	37
12035	19
12036	146
12040	437
12041	605
12042	710
12043	567
12044	1335
12045	323
12046	433
12050	381
12051	226
12052	381
12053	632
12054	85
12055	422
12056	258
12060	7
12061	1847
12062	115
12063	91
12064	99
12065	32
12066	353
12070	115
12071	92
12072	24
12073	1548
12074	129
12075	2581
12076	931
12080	707
12081	172
12082	61
12083	394
12084	1367
12085	32
12086	710
12090	17
12091	343
12092	226
12093	375
12094	132
12095	1461
12096	18
12100	103
12101	79
12102	468
12103	99
12104	148
12105	1269
12106	1558
12110	1069
12111	105
12112	95
12113	468
12114	52
12115	697
12116	61
12120	2104
12121	116
12122	1360
12123	702
12124	38
12125	18
12126	424
12130	226
12131	65
12132	682
12133	18
12134	3136
12135	7
12136	132
12140	1558
12141	132
12142	172
12143	103
12144	83
12145	345
12146	427
12150	364
12151	148
12152	323
12153	931
12154	1063
12155	1845
12156	177
12160	1093
12161	746
12162	394
12163	662
12164	399
12165	148
12166	70
12170	1558
12171	1847
12172	291
12173	24
12174	61
12175	427
12176	375
12180	422
12181	415
12182	1367
12183	47
12184	18
12185	1146
12186	710
12190	538
12191	79
12192	81
12193	115
12194	24
12195	3204
12196	1533
12200	19
12201	697
12202	132
12203	2742
12204	230
12205	427
12206	90
12210	2444
12211	353
12212	442
12213	3106
12214	395
12215	1680
12216	24
12220	1461
12221	258
12222	2553
12223	654
12224	32
12225	18
12226	20
12230	1514
12231	1367
12232	358
12233	7
12234	422
12235	373
12236	865
12240	381
12241	437
12242	1999
12243	323
12244	1034
12245	1548
12246	91
12250	1539
12251	662
12252	91
12253	454
12254	583
12255	61
12256	41
12260	427
12261	427
12262	1823
12263	85
12264	710
12265	148
12266	433
12270	707
12271	427
12272	2392
12273	679
12274	710
12275	1558
12276	323
12290	148
12291	105
12292	37
12293	415
12294	1680
12295	656
12296	18
12300	323
12301	1533
12302	34
12303	81
12304	654
12305	37
12306	19
12310	2104
12311	127
12312	91
12313	1069
12314	52
12315	710
12316	66
12320	148
12321	1461
12322	755
12323	437
12324	309
12325	391
12326	1845
12330	2581
12331	91
12332	103
12333	566
12334	52
12335	394
12336	19
12340	652
12341	710
12342	388
12343	536
12344	71
12345	90
12346	53
12350	37
12351	2581
12352	91
12353	381
12354	682
12355	7
12356	345
12360	1481
12361	91
12362	364
12363	115
12364	1491
12365	53
12366	358
12370	755
12371	264
12372	679
12373	60
12374	115
12375	81
12376	19
12380	148
12381	47
12382	2581
12383	442
12384	83
12385	37
12386	146
12390	103
12391	127
12392	395
12393	1063
12394	70
12395	682
12396	148
12400	91
12401	454
12402	103
12403	343
12404	53
12405	1069
12406	20
12410	657
12411	91
12412	343
12413	1069
12414	81
12415	412
12416	710
12420	220
12421	102
12422	18
12423	53
12424	91
12425	91
12426	424
12430	2034
12431	19
12432	394
12433	37
12434	867
12435	86
12436	345
12440	1558
12441	146
12442	92
12443	682
12444	851
12445	19
12446	33
12450	697
12451	433
12452	115
12453	91
12454	19
12455	444
12456	81
12460	1533
12461	521
12462	1063
12463	567
12464	354
12465	1066
12466	2581
12470	87
12471	1652
12472	226
12473	536
12474	32
12475	671
12476	81
12480	373
12481	164
12482	275
12483	38
12484	478
12485	53
12486	2581
12490	375
12491	1533
12492	78
12493	275
12494	1326
12495	20
12496	1680
12500	92
12501	1676
12502	53
12503	38
12504	32
12505	19
12506	699
12510	103
12511	1326
12512	364
12513	817
12514	135
12515	47
12516	415
12520	1146
12521	388
12522	2011
12523	1875
12524	440
12525	70
12526	258
12530	83
12531	7
12532	83
12533	90
12534	771
12535	52
12536	53
12540	710
12541	99
12542	568
12543	422
12544	1845
12545	436
12546	53
12550	697
12551	1063
12552	103
12553	809
12554	972
12555	148
12556	468
12560	682
12561	226
12562	354
12563	66
12564	1847
12565	81
12566	865
12570	345
12571	81
12572	118
12573	381
12574	422
12575	444
12576	81
12580	491
12581	3056
12582	654
12583	323
12584	81
12585	19
12586	1367
12590	413
12591	427
12592	148
12593	679
12594	2904
12595	148
12596	972
12600	442
12601	1461
12602	105
12603	1558
12604	381
12605	364
12606	52
12610	115
12611	3056
12612	2104
12613	2104
12614	2359
12615	368
12616	53
12620	682
12621	115
12622	1558
12623	357
12624	52
12625	1367
12626	652
12630	437
12631	1069
12632	19
12633	129
12634	60
12635	1558
12636	29
12640	85
12641	148
12642	1269
12643	755
12645	29
12646	427
12650	1093
12651	437
12652	91
12653	148
12654	864
12655	25
12656	384
12660	323
12661	1533
12662	70
12663	91
12664	148
12665	1474
12666	437
12670	364
12671	391
12672	7
12673	345
12674	2104
12675	424
12676	2713
12680	373
12681	32
12682	53
12683	1137
12684	1164
12685	68
12686	1991
12690	71
12691	91
12692	323
12693	103
12694	39
12695	441
12696	679
12700	132
12701	55
12702	148
12703	2104
12704	37
12705	148
12706	2104
12710	78
12711	53
12712	568
12713	19
12714	2941
12715	68
12716	568
12720	2104
12721	90
12722	1326
12723	1461
12724	763
12725	381
12726	682
12730	697
12731	654
12732	346
12733	751
12734	564
12735	391
12736	3038
12740	127
12741	37
12742	437
12743	115
12744	373
12745	1814
12746	60
12750	17
12751	375
12752	381
12753	399
12754	52
12755	148
12756	1768
12760	91
12761	37
12762	91
12763	373
12764	91
12765	1327
12766	888
12770	24
12771	275
12772	391
12773	1093
12774	2180
12775	146
12776	2713
12780	91
12781	3136
12782	277
12783	7
12784	1548
12785	32
12786	118
12790	323
12791	1367
12792	24
12793	2581
12794	102
12795	19
12796	148
12800	127
12801	3056
12802	92
12803	864
12804	19
12805	151
12806	53
12820	91
12821	1847
12822	52
12823	390
12824	81
12825	52
12826	375
12830	83
12831	755
12832	99
12833	422
12834	381
12835	91
12836	682
12840	1514
12841	414
12842	1367
12843	536
12844	597
12845	32
12846	70
12850	422
12851	801
12852	118
12854	81
12855	91
12856	2104
12860	771
12861	148
12862	345
12863	47
12864	61
12865	81
12866	33
12870	317
12871	284
12872	427
12873	1171
12874	98
12875	381
12876	3038
12880	2444
12881	91
12882	454
12883	81
12884	1364
12885	1558
12886	478
12890	264
12891	353
12892	345
12893	2780
12894	648
12895	1326
12896	53
12900	150
12901	1537
12902	116
12903	132
12904	337
12905	679
12906	70
12910	413
12911	91
12912	710
12913	2104
12914	129
12915	382
12916	1680
12920	381
12921	1671
12922	19
12923	437
12924	81
12925	1367
12926	148
12930	275
12931	345
12932	412
12933	19
12934	150
12935	298
12936	710
12940	90
12941	1533
12942	18
12943	751
12944	346
12945	85
12946	682
12950	381
12951	275
12952	83
12953	52
12954	47
12955	402
12956	68
12960	164
12961	3038
12962	85
12963	105
12964	412
12965	1215
12966	679
12970	323
12971	381
12972	395
12973	568
12974	1218
12975	32
12976	391
12980	70
12981	127
12982	442
12983	1152
12984	2151
12985	81
12986	90
12990	442
12991	1514
12992	710
12993	1999
12994	1082
12995	1069
12996	568
13000	323
13001	1146
13002	567
13003	91
13004	83
13005	68
13006	2581
13010	2581
13011	105
13012	395
13013	755
13014	24
13015	148
13016	91
13020	19
13021	148
13022	395
13023	346
13024	24
13025	148
13026	1533
13030	81
13031	1252
13032	53
13033	427
13034	226
13035	91
13036	60
13040	422
13041	657
13042	412
13043	3062
13044	1082
13045	99
13046	422
13050	20
13051	422
13052	568
13053	682
13054	817
13055	132
13056	60
13060	3071
13061	559
13062	47
13063	415
13064	2581
13065	2581
13066	18
13070	1367
13071	103
13072	151
13073	394
13074	261
13075	656
13076	679
13080	1533
13081	85
13082	710
13083	39
13084	99
13085	1367
13086	415
13090	931
13091	91
13092	18
13093	53
13094	91
13095	246
13096	652
13100	95
13101	309
13102	536
13103	652
13104	85
13105	19
13106	568
13110	650
13111	648
13112	1474
13113	2104
13114	1150
13115	1170
13116	1063
13120	648
13121	2104
13122	127
13123	568
13124	1539
13125	413
13126	102
13130	7
13131	47
13132	696
13133	702
13134	418
13135	148
13136	972
13140	652
13141	3071
13142	1070
13143	394
13144	1558
13145	364
13146	758
13150	61
13151	81
13152	1567
13153	555
13154	18
13155	358
13156	2773
13160	345
13161	90
13162	323
13163	61
13164	3136
13165	373
13166	755
13170	427
13171	358
13172	1367
13173	346
13174	38
13175	91
13176	53
13180	710
13181	323
13182	536
13183	395
13184	383
13185	1680
13186	699
13190	81
13191	52
13192	632
13193	427
13194	1999
13195	103
13196	118
13200	657
13201	91
13202	53
13203	19
13204	663
13205	164
13206	323
13210	751
13211	148
13212	921
13213	309
13214	863
13215	1326
13216	284
13220	679
13221	89
13222	33
13223	381
13224	860
13225	1558
13226	1564
13230	115
13231	710
13232	654
13233	226
13234	427
13235	1799
13236	115
13240	85
13241	91
13242	602
13243	37
13244	2980
13245	412
13246	148
13250	148
13251	95
13252	427
13253	1567
13254	148
13255	1799
13256	865
13260	52
13261	1146
13262	568
13263	217
13264	1146
13265	68
13266	105
13270	364
13271	1847
13272	85
13273	2151
13274	802
13275	1171
13276	83
13280	1493
13281	568
13282	368
13283	37
13284	38
13285	19
13286	422
13290	353
13291	422
13292	1146
13293	53
13294	55
13295	32
13296	275
13300	87
13301	883
13302	1367
13303	373
13304	91
13305	391
13306	91
13310	682
13311	1986
13312	1558
13313	3071
13314	20
13315	1680
13316	679
13320	710
13321	92
13322	395
13323	52
13324	663
13325	18
13326	422
13330	291
13331	536
13332	755
13333	24
13334	47
13335	693
13336	105
13340	412
13341	66
13342	118
13343	931
13344	20
13345	28
13346	888
13350	710
13351	117
13352	66
13353	116
13354	66
13355	24
13356	385
13360	437
13361	1648
13362	346
13364	2104
13365	91
13366	1567
13370	652
13371	78
13372	2573
13373	343
13374	52
13375	28
13376	53
13380	451
13381	235
13382	415
13383	442
13384	37
13385	148
13386	32
13390	129
13391	1149
13392	323
13393	412
13394	640
13395	91
13396	118
13400	1063
13401	758
13402	345
13403	85
13404	1063
13405	60
13406	2104
13410	2713
13411	18
13412	657
13413	1269
13414	105
13415	746
13416	5
13420	460
13421	394
13422	346
13423	85
13424	99
13425	91
13426	1474
13430	682
13431	3038
13432	38
13433	37
13434	346
13435	83
13436	20
13440	1799
13441	679
13442	1069
13443	90
13444	1367
13445	657
13446	628
13450	657
13451	77
13452	148
13453	148
13454	78
13455	91
13456	422
13460	148
13461	226
13462	679
13463	18
13464	331
13465	682
13466	555
13470	129
13471	1146
13472	47
13473	81
13474	1558
13475	555
13476	422
13480	1367
13481	103
13482	746
13483	71
13484	663
13485	91
13486	343
13490	33
13491	90
13492	682
13493	30
13494	345
13495	78
13496	91
13500	817
13501	931
13502	32
13503	1034
13504	375
13505	2104
13506	70
13510	434
13511	2581
13512	19
13513	555
13514	568
13515	66
13516	317
13520	2904
13521	132
13522	1367
13523	151
13524	33
13525	132
13526	1558
13530	52
13531	53
13532	19
13533	76
13534	52
13535	434
13536	62
13540	99
13541	132
13542	148
13543	412
13544	654
13545	652
13546	129
13550	99
13551	133
13552	381
13553	419
13554	52
13555	1069
13556	53
13560	1558
13561	226
13562	437
13563	1326
13564	422
13565	275
13566	25
13570	427
13571	18
13572	809
13573	53
13574	710
13575	105
13576	972
13580	70
13581	427
13582	343
13583	346
13584	798
13585	91
13586	755
13590	284
13591	433
13592	1578
13593	148
13594	1188
13595	19
13596	258
13600	433
13601	18
13602	931
13603	97
13604	92
13605	427
13606	415
13610	89
13611	10
13612	391
13613	99
13614	369
13615	129
13616	648
13620	324
13621	707
13622	662
13623	323
13624	226
13625	53
13626	2247
13630	17
13631	495
13632	66
13633	412
13634	454
13635	91
13636	102
13640	412
13641	710
13642	437
13643	1367
13644	710
13645	115
13646	148
13650	422
13651	2104
13652	37
13653	427
13654	91
13655	53
13656	91
13660	682
13661	375
13662	648
13663	53
13664	7
13665	284
13666	2780
13670	427
13671	1391
13672	3106
13673	148
13674	24
13675	1548
13676	258
13680	148
13681	91
13682	284
13683	61
13684	39
13685	357
13686	972
13690	345
13691	81
13692	91
13693	422
13694	68
13695	422
13696	1146
13700	358
13701	103
13702	1367
13703	679
13704	1999
13705	102
13706	345
13710	375
13711	972
13712	345
13713	32
13714	19
13715	53
13716	1326
13720	2104
13721	148
13722	2039
13723	2104
13724	148
13725	91
13726	1558
13730	555
13731	19
13732	921
13733	454
13734	383
13735	1548
13736	382
13740	422
13741	422
13742	412
13743	568
13744	91
13745	427
13746	18
13750	710
13751	103
13752	92
13753	1093
13754	91
13755	1069
13756	91
13760	91
13761	148
13762	755
13763	375
13764	469
13765	148
13766	2392
13770	70
13771	657
13772	353
13773	1152
13774	83
13775	90
13776	33
13780	427
13781	53
13782	436
13783	83
13784	1367
13785	1461
13786	116
13790	364
13791	381
13792	37
13793	291
13794	55
13795	68
13796	422
13800	1533
13801	391
13802	427
13803	103
13804	83
13805	1367
13806	923
13810	91
13811	47
13812	85
13813	83
13814	1367
13815	37
13816	28
13820	115
13821	148
13822	133
13823	755
13824	1507
13825	755
13826	1371
13830	1063
13831	91
13832	53
13833	19
13834	3038
13835	468
13836	32
13840	652
13841	1326
13842	1063
13843	888
13844	70
13845	2581
13846	14
13851	148
13852	697
13853	1367
13854	298
13855	2689
13856	652
13860	1063
13861	382
13862	85
13863	79
13864	148
13865	710
13866	32
13870	95
13871	148
13872	32
13873	888
13874	427
13875	82
13876	373
13880	1533
13881	427
13882	85
13883	264
13885	532
13886	927
13890	3129
13891	481
13892	654
13893	1999
13894	135
13895	440
13896	2130
13900	2104
13901	972
13902	18
13903	99
13904	53
13905	20
13906	710
13910	83
13911	2581
13912	2581
13913	1474
13914	91
13915	115
13916	1558
13920	132
13921	53
13922	559
13923	81
13924	679
13925	41
13926	22
13930	3056
13931	226
13932	148
13933	654
13934	1999
13935	53
13936	802
13940	2581
13941	85
13942	85
13943	1215
13944	817
13945	364
13946	33
13950	538
13951	66
13952	383
13953	261
13954	85
13955	375
13956	53
13960	1514
13961	103
13962	85
13963	1327
13964	91
13965	702
13966	81
13970	323
13971	381
13972	1367
13973	437
13974	679
13975	1367
13976	177
13980	1558
13981	186
13982	81
13983	18
13984	568
13985	658
13986	81
13990	3038
13991	102
13992	102
13993	652
13994	102
13995	70
13996	1316
14000	91
14001	278
14002	103
14003	2581
14004	83
14005	61
14006	375
14010	770
14011	1567
14012	809
14013	746
14014	323
14015	81
14016	1069
14020	91
14021	710
14022	662
14023	91
14024	90
14025	657
14026	710
14030	758
14031	78
14032	628
14033	70
14034	1367
14035	66
14036	19
14040	489
14041	2392
14042	61
14043	226
14044	1474
14045	1214
14046	102
14050	931
14051	427
14052	663
14053	91
14054	621
14055	427
14056	2392
14060	697
14061	1367
14062	710
14063	20
14064	115
14065	860
14066	2713
14070	345
14071	383
14072	422
14073	33
14074	1111
14075	32
14076	148
14080	528
14081	1034
14082	91
14083	32
14084	53
14085	648
14086	427
14090	91
14091	682
14092	2581
14093	1215
14094	1241
14095	91
14096	91
14100	1247
14101	1533
14102	679
14103	7
14104	215
14105	369
14106	536
14110	19
14111	133
14112	1558
14113	91
14114	357
14115	91
14116	2780
14120	92
14121	83
14122	117
14123	2151
14124	1628
14125	2353
14126	697
14130	1986
14131	148
14132	60
14133	91
14134	309
14135	381
14136	148
14140	132
14141	682
14142	710
14143	1558
14144	53
14145	37
14146	345
14150	682
14151	2104
14152	1367
14153	211
14154	62
14155	60
14156	442
14160	3189
14161	148
14162	18
14163	2172
14164	52
14165	148
14166	1097
14170	323
14171	95
14172	78
14173	47
14174	583
14175	391
14176	102
14180	427
14181	85
14182	320
14183	2780
14184	19
14185	37
14186	422
14190	148
14191	103
14192	323
14193	1146
14194	1847
14195	291
14196	91
14200	921
14201	85
14202	427
14203	381
14204	755
14205	437
14206	1514
14210	424
14211	621
14212	1367
14213	402
14214	1474
14215	32
14216	223
14220	1069
14221	1367
14222	99
14223	37
14224	37
14225	52
14226	375
14230	150
14231	375
14232	150
14233	85
14234	481
14235	1643
14236	53
14240	317
14241	710
14242	20
14243	97
14244	3136
14245	357
14246	37
14250	657
14251	1533
14252	148
14253	2104
14254	19
14255	1680
14256	755
14260	79
14261	437
14262	442
14263	654
14264	3071
14265	81
14266	375
14270	652
14271	99
14272	710
14273	99
14274	90
14275	3038
14276	1367
14280	2104
14281	442
14282	1514
14283	1491
14284	345
14285	422
14286	2820
14290	434
14291	652
14292	83
14293	53
14294	345
14295	682
14296	422
